#Thresholds (mV)	time(s)		count1	count2	count3
70		60		20815	19704	20041
80		60		14225	14230	13956
90		60		11368	11546	11437
100		60		8048	8054	8250
110		60		6483	6488	6199
120		60		5000	5163	5060
130		60		4164	4014	3984
140		180             11103
150             180             9057
160             180             8162
170             180             7107
180             180             6792
190             180             6454
200             180             6200
210             180             6015
220             180             5892
230             180             5659
240             180             5733
250             180             5423
