#Thresholds (mV)	time(s)		count1	count2	count3
70              180             7298
80              180             6307
90              180             5779
100             180             5621
110             180             5359
120             180             5261
130             180             4895
140             60              1413
150             60              1313
160             60              1128
170             60              857
180             60              736
190		60		639
200		60		578
210		60		467
220		60		379
230		60		355
240		60		269
250		60		233
