#Thresholds (mV)	time(s)		count1	count2	count3
5               60              37857
10              60              10970
20              60              2669
30              60              1991
40              60              1713
50              60              1502
60              60              1050
70              180             2209
80              180             1541
90              180             1088
100             180             721
110             180             526
120             180             419
130             180             320
140             60              72
150             60              55                
160             60              52
170             60              28
180             60              16
190		60		27
200		60		18
210		60		16
220		60		6
230		60		1
240		60		2
250		60		0
