#Threshold (mV)	time (s)	count1	count2	count3
70      	60		3371    3410    3469
80      	60		2655    2527    2590
90      	60		2224    2627    2590
100     	60		1760    1788    1796
110     	60		1571    1556    1501
120     	60		1229    1309    1286
130     	60		962     999     969
140             180             2496
150             180             2170
160             180             1710
170             180             1508
180             180             1384
190             180             1151
200             180             919
210             180             762
220             180             692
230             180             603
240             180             567
250             180             483
