#threshold (mV)	time (s)	count1	count3	count3
70		60		646	625	638
80		60		522	455	516
90		60		326	315	358
100		60		181	168	157
110		60		137	143	150
120		60		102	132	108
130		60		72	78	73
140             180             256
150             180             222
160             180             190
170             180             149
180             180             138
190             180             110
200             180             66
210             180             51
220             180             55
230             180             36
240             180             39
250             180             33
