0  0  236
0  1  246
0  2  223
0  3  254
0  4  228
0  5  261
0  6  263
0  7  257
0  8  289
0  9  312
0  10  290
0  11  288
0  12  318
0  13  275
0  14  302
0  15  282
0  16  295
0  17  285
0  18  282
0  19  278
0  20  300
0  21  280
0  22  267
0  23  269
0  24  243
0  25  240
0  26  242
0  27  266
0  28  230
0  29  224
1  0  219
1  1  221
1  2  263
1  3  244
1  4  237
1  5  309
1  6  280
1  7  262
1  8  285
1  9  311
1  10  328
1  11  337
1  12  314
1  13  327
1  14  322
1  15  313
1  16  318
1  17  294
1  18  321
1  19  313
1  20  292
1  21  296
1  22  269
1  23  262
1  24  274
1  25  233
1  26  238
1  27  266
1  28  249
1  29  239
2  0  241
2  1  248
2  2  275
2  3  277
2  4  290
2  5  263
2  6  262
2  7  282
2  8  310
2  9  274
2  10  318
2  11  290
2  12  322
2  13  358
2  14  319
2  15  364
2  16  295
2  17  325
2  18  349
2  19  285
2  20  303
2  21  296
2  22  281
2  23  299
2  24  317
2  25  253
2  26  268
2  27  275
2  28  263
2  29  255
3  0  262
3  1  273
3  2  257
3  3  274
3  4  296
3  5  297
3  6  279
3  7  279
3  8  318
3  9  314
3  10  329
3  11  300
3  12  355
3  13  364
3  14  361
3  15  335
3  16  323
3  17  338
3  18  298
3  19  319
3  20  303
3  21  324
3  22  303
3  23  273
3  24  292
3  25  278
3  26  288
3  27  277
3  28  269
3  29  238
4  0  244
4  1  316
4  2  286
4  3  279
4  4  299
4  5  275
4  6  282
4  7  309
4  8  310
4  9  314
4  10  345
4  11  328
4  12  376
4  13  360
4  14  327
4  15  389
4  16  336
4  17  341
4  18  304
4  19  330
4  20  327
4  21  329
4  22  304
4  23  299
4  24  280
4  25  299
4  26  261
4  27  259
4  28  268
4  29  282
5  0  240
5  1  259
5  2  322
5  3  293
5  4  293
5  5  335
5  6  297
5  7  332
5  8  350
5  9  320
5  10  341
5  11  349
5  12  336
5  13  373
5  14  301
5  15  346
5  16  376
5  17  375
5  18  340
5  19  352
5  20  335
5  21  296
5  22  298
5  23  304
5  24  268
5  25  311
5  26  292
5  27  297
5  28  266
5  29  270
6  0  280
6  1  284
6  2  296
6  3  278
6  4  300
6  5  309
6  6  290
6  7  286
6  8  328
6  9  332
6  10  336
6  11  360
6  12  373
6  13  347
6  14  382
6  15  372
6  16  358
6  17  334
6  18  357
6  19  335
6  20  300
6  21  320
6  22  343
6  23  303
6  24  320
6  25  306
6  26  294
6  27  318
6  28  310
6  29  287
7  0  291
7  1  274
7  2  292
7  3  301
7  4  314
7  5  311
7  6  315
7  7  307
7  8  339
7  9  337
7  10  369
7  11  382
7  12  376
7  13  390
7  14  371
7  15  356
7  16  375
7  17  351
7  18  433
7  19  363
7  20  339
7  21  326
7  22  313
7  23  341
7  24  301
7  25  297
7  26  326
7  27  304
7  28  240
7  29  285
8  0  302
8  1  320
8  2  299
8  3  309
8  4  351
8  5  319
8  6  308
8  7  350
8  8  368
8  9  347
8  10  376
8  11  353
8  12  376
8  13  369
8  14  429
8  15  385
8  16  387
8  17  386
8  18  376
8  19  385
8  20  350
8  21  353
8  22  317
8  23  331
8  24  323
8  25  333
8  26  319
8  27  283
8  28  316
8  29  291
9  0  301
9  1  339
9  2  296
9  3  338
9  4  300
9  5  374
9  6  360
9  7  336
9  8  358
9  9  383
9  10  370
9  11  407
9  12  414
9  13  406
9  14  405
9  15  408
9  16  394
9  17  415
9  18  414
9  19  410
9  20  405
9  21  352
9  22  348
9  23  337
9  24  284
9  25  340
9  26  336
9  27  317
9  28  325
9  29  275
10  0  313
10  1  342
10  2  340
10  3  318
10  4  332
10  5  360
10  6  381
10  7  349
10  8  378
10  9  424
10  10  368
10  11  393
10  12  378
10  13  415
10  14  424
10  15  439
10  16  414
10  17  404
10  18  388
10  19  414
10  20  367
10  21  353
10  22  372
10  23  373
10  24  364
10  25  340
10  26  350
10  27  305
10  28  320
10  29  311
11  0  325
11  1  356
11  2  337
11  3  337
11  4  381
11  5  385
11  6  376
11  7  410
11  8  367
11  9  405
11  10  426
11  11  403
11  12  396
11  13  437
11  14  433
11  15  434
11  16  451
11  17  478
11  18  435
11  19  394
11  20  417
11  21  397
11  22  374
11  23  380
11  24  368
11  25  355
11  26  350
11  27  364
11  28  363
11  29  316
12  0  323
12  1  332
12  2  355
12  3  355
12  4  388
12  5  431
12  6  383
12  7  423
12  8  403
12  9  398
12  10  490
12  11  449
12  12  481
12  13  461
12  14  445
12  15  468
12  16  492
12  17  467
12  18  424
12  19  448
12  20  434
12  21  400
12  22  420
12  23  392
12  24  386
12  25  370
12  26  369
12  27  358
12  28  342
12  29  338
13  0  392
13  1  355
13  2  381
13  3  345
13  4  352
13  5  390
13  6  402
13  7  387
13  8  466
13  9  422
13  10  468
13  11  444
13  12  451
13  13  441
13  14  495
13  15  507
13  16  427
13  17  456
13  18  440
13  19  497
13  20  464
13  21  414
13  22  407
13  23  422
13  24  403
13  25  374
13  26  387
13  27  395
13  28  333
13  29  334
14  0  356
14  1  378
14  2  391
14  3  370
14  4  438
14  5  426
14  6  423
14  7  399
14  8  428
14  9  458
14  10  438
14  11  454
14  12  488
14  13  469
14  14  505
14  15  511
14  16  495
14  17  435
14  18  490
14  19  450
14  20  436
14  21  423
14  22  442
14  23  423
14  24  417
14  25  378
14  26  406
14  27  352
14  28  346
14  29  356
15  0  359
15  1  386
15  2  370
15  3  385
15  4  413
15  5  383
15  6  418
15  7  442
15  8  451
15  9  416
15  10  489
15  11  453
15  12  489
15  13  458
15  14  477
15  15  498
15  16  491
15  17  489
15  18  490
15  19  492
15  20  464
15  21  448
15  22  440
15  23  448
15  24  380
15  25  432
15  26  409
15  27  348
15  28  339
15  29  372
16  0  408
16  1  408
16  2  377
16  3  393
16  4  391
16  5  392
16  6  448
16  7  510
16  8  450
16  9  473
16  10  479
16  11  487
16  12  478
16  13  495
16  14  521
16  15  549
16  16  489
16  17  505
16  18  496
16  19  466
16  20  488
16  21  419
16  22  440
16  23  468
16  24  397
16  25  418
16  26  417
16  27  400
16  28  377
16  29  354
17  0  401
17  1  370
17  2  370
17  3  404
17  4  454
17  5  424
17  6  463
17  7  490
17  8  473
17  9  499
17  10  464
17  11  496
17  12  470
17  13  526
17  14  510
17  15  513
17  16  512
17  17  564
17  18  438
17  19  476
17  20  464
17  21  480
17  22  459
17  23  417
17  24  392
17  25  429
17  26  435
17  27  369
17  28  371
17  29  405
18  0  374
18  1  378
18  2  410
18  3  441
18  4  433
18  5  443
18  6  445
18  7  475
18  8  473
18  9  458
18  10  436
18  11  541
18  12  503
18  13  514
18  14  524
18  15  485
18  16  494
18  17  501
18  18  517
18  19  479
18  20  533
18  21  476
18  22  447
18  23  433
18  24  419
18  25  406
18  26  423
18  27  413
18  28  407
18  29  392
19  0  371
19  1  389
19  2  455
19  3  421
19  4  427
19  5  411
19  6  483
19  7  477
19  8  498
19  9  456
19  10  476
19  11  520
19  12  521
19  13  517
19  14  502
19  15  534
19  16  514
19  17  531
19  18  472
19  19  503
19  20  486
19  21  467
19  22  486
19  23  442
19  24  439
19  25  398
19  26  416
19  27  370
19  28  416
19  29  379
20  0  382
20  1  387
20  2  385
20  3  434
20  4  457
20  5  424
20  6  439
20  7  474
20  8  499
20  9  512
20  10  494
20  11  530
20  12  538
20  13  517
20  14  524
20  15  562
20  16  531
20  17  540
20  18  500
20  19  504
20  20  472
20  21  501
20  22  460
20  23  463
20  24  455
20  25  448
20  26  449
20  27  401
20  28  439
20  29  437
21  0  406
21  1  408
21  2  411
21  3  377
21  4  433
21  5  465
21  6  450
21  7  493
21  8  489
21  9  492
21  10  507
21  11  558
21  12  491
21  13  542
21  14  529
21  15  564
21  16  538
21  17  513
21  18  547
21  19  530
21  20  543
21  21  529
21  22  452
21  23  444
21  24  462
21  25  460
21  26  479
21  27  455
21  28  415
21  29  427
22  0  427
22  1  457
22  2  415
22  3  434
22  4  478
22  5  430
22  6  477
22  7  472
22  8  471
22  9  486
22  10  508
22  11  538
22  12  572
22  13  505
22  14  538
22  15  524
22  16  525
22  17  553
22  18  496
22  19  509
22  20  473
22  21  483
22  22  508
22  23  509
22  24  473
22  25  477
22  26  449
22  27  418
22  28  417
22  29  388
23  0  403
23  1  398
23  2  431
23  3  430
23  4  429
23  5  446
23  6  464
23  7  511
23  8  469
23  9  549
23  10  502
23  11  517
23  12  567
23  13  551
23  14  560
23  15  554
23  16  562
23  17  536
23  18  524
23  19  529
23  20  518
23  21  533
23  22  477
23  23  479
23  24  444
23  25  459
23  26  430
23  27  407
23  28  399
23  29  420
24  0  389
24  1  451
24  2  473
24  3  449
24  4  454
24  5  460
24  6  499
24  7  469
24  8  499
24  9  546
24  10  546
24  11  537
24  12  533
24  13  534
24  14  569
24  15  525
24  16  503
24  17  560
24  18  523
24  19  523
24  20  522
24  21  503
24  22  483
24  23  479
24  24  480
24  25  442
24  26  494
24  27  454
24  28  431
24  29  381
25  0  418
25  1  389
25  2  459
25  3  474
25  4  461
25  5  442
25  6  464
25  7  462
25  8  486
25  9  575
25  10  536
25  11  556
25  12  546
25  13  556
25  14  576
25  15  571
25  16  556
25  17  581
25  18  541
25  19  542
25  20  504
25  21  480
25  22  461
25  23  476
25  24  472
25  25  457
25  26  425
25  27  417
25  28  452
25  29  429
26  0  447
26  1  429
26  2  450
26  3  482
26  4  443
26  5  436
26  6  491
26  7  496
26  8  506
26  9  511
26  10  496
26  11  543
26  12  508
26  13  551
26  14  521
26  15  568
26  16  534
26  17  553
26  18  555
26  19  471
26  20  493
26  21  528
26  22  471
26  23  498
26  24  448
26  25  469
26  26  451
26  27  444
26  28  454
26  29  423
27  0  422
27  1  452
27  2  445
27  3  445
27  4  483
27  5  513
27  6  497
27  7  492
27  8  515
27  9  552
27  10  564
27  11  567
27  12  529
27  13  560
27  14  522
27  15  550
27  16  543
27  17  554
27  18  548
27  19  506
27  20  529
27  21  498
27  22  484
27  23  452
27  24  474
27  25  454
27  26  460
27  27  439
27  28  384
27  29  418
28  0  450
28  1  400
28  2  418
28  3  445
28  4  432
28  5  434
28  6  503
28  7  480
28  8  477
28  9  514
28  10  543
28  11  567
28  12  584
28  13  537
28  14  559
28  15  587
28  16  562
28  17  540
28  18  486
28  19  534
28  20  550
28  21  480
28  22  490
28  23  465
28  24  447
28  25  486
28  26  496
28  27  419
28  28  428
28  29  424
29  0  431
29  1  416
29  2  442
29  3  445
29  4  480
29  5  450
29  6  462
29  7  518
29  8  520
29  9  532
29  10  569
29  11  587
29  12  538
29  13  531
29  14  565
29  15  592
29  16  546
29  17  580
29  18  557
29  19  532
29  20  545
29  21  526
29  22  511
29  23  488
29  24  478
29  25  432
29  26  430
29  27  451
29  28  370
29  29  456
30  0  416
30  1  442
30  2  435
30  3  472
30  4  508
30  5  483
30  6  495
30  7  480
30  8  507
30  9  538
30  10  515
30  11  506
30  12  557
30  13  591
30  14  615
30  15  576
30  16  579
30  17  583
30  18  541
30  19  567
30  20  562
30  21  546
30  22  482
30  23  482
30  24  434
30  25  446
30  26  439
30  27  492
30  28  394
30  29  433
31  0  438
31  1  458
31  2  459
31  3  445
31  4  492
31  5  499
31  6  517
31  7  496
31  8  476
31  9  529
31  10  515
31  11  555
31  12  550
31  13  592
31  14  553
31  15  576
31  16  538
31  17  549
31  18  526
31  19  560
31  20  498
31  21  513
31  22  477
31  23  493
31  24  449
31  25  458
31  26  443
31  27  472
31  28  480
31  29  411
32  0  435
32  1  456
32  2  425
32  3  472
32  4  454
32  5  492
32  6  504
32  7  513
32  8  524
32  9  533
32  10  558
32  11  557
32  12  569
32  13  625
32  14  555
32  15  618
32  16  566
32  17  531
32  18  579
32  19  527
32  20  528
32  21  518
32  22  482
32  23  479
32  24  476
32  25  472
32  26  461
32  27  420
32  28  432
32  29  403
33  0  417
33  1  449
33  2  426
33  3  450
33  4  444
33  5  459
33  6  511
33  7  510
33  8  528
33  9  527
33  10  539
33  11  570
33  12  568
33  13  524
33  14  561
33  15  577
33  16  639
33  17  555
33  18  540
33  19  573
33  20  549
33  21  495
33  22  480
33  23  491
33  24  442
33  25  446
33  26  440
33  27  440
33  28  427
33  29  410
34  0  419
34  1  428
34  2  441
34  3  481
34  4  510
34  5  480
34  6  474
34  7  464
34  8  489
34  9  514
34  10  532
34  11  569
34  12  593
34  13  546
34  14  545
34  15  572
34  16  576
34  17  574
34  18  528
34  19  514
34  20  579
34  21  523
34  22  502
34  23  490
34  24  486
34  25  468
34  26  473
34  27  488
34  28  437
34  29  411
35  0  443
35  1  415
35  2  453
35  3  462
35  4  459
35  5  479
35  6  491
35  7  449
35  8  530
35  9  532
35  10  548
35  11  583
35  12  583
35  13  578
35  14  565
35  15  586
35  16  568
35  17  591
35  18  531
35  19  566
35  20  558
35  21  534
35  22  510
35  23  477
35  24  495
35  25  449
35  26  468
35  27  447
35  28  412
35  29  433
36  0  400
36  1  519
36  2  454
36  3  449
36  4  482
36  5  512
36  6  525
36  7  485
36  8  520
36  9  515
36  10  533
36  11  557
36  12  569
36  13  572
36  14  591
36  15  547
36  16  591
36  17  548
36  18  574
36  19  569
36  20  542
36  21  503
36  22  468
36  23  524
36  24  433
36  25  498
36  26  483
36  27  446
36  28  444
36  29  417
37  0  422
37  1  449
37  2  478
37  3  421
37  4  482
37  5  494
37  6  500
37  7  519
37  8  516
37  9  548
37  10  556
37  11  551
37  12  580
37  13  577
37  14  582
37  15  588
37  16  619
37  17  537
37  18  568
37  19  554
37  20  539
37  21  516
37  22  500
37  23  487
37  24  477
37  25  456
37  26  429
37  27  462
37  28  442
37  29  409
38  0  410
38  1  443
38  2  456
38  3  449
38  4  483
38  5  538
38  6  486
38  7  523
38  8  537
38  9  502
38  10  489
38  11  569
38  12  578
38  13  559
38  14  597
38  15  590
38  16  606
38  17  555
38  18  559
38  19  585
38  20  550
38  21  515
38  22  484
38  23  496
38  24  495
38  25  477
38  26  467
38  27  471
38  28  433
38  29  444
39  0  463
39  1  428
39  2  427
39  3  438
39  4  494
39  5  468
39  6  521
39  7  465
39  8  490
39  9  524
39  10  550
39  11  555
39  12  581
39  13  519
39  14  617
39  15  567
39  16  594
39  17  555
39  18  592
39  19  548
39  20  533
39  21  512
39  22  485
39  23  471
39  24  521
39  25  451
39  26  482
39  27  452
39  28  431
39  29  387
40  0  412
40  1  424
40  2  466
40  3  477
40  4  465
40  5  491
40  6  488
40  7  521
40  8  527
40  9  546
40  10  540
40  11  570
40  12  562
40  13  551
40  14  561
40  15  588
40  16  512
40  17  559
40  18  542
40  19  532
40  20  524
40  21  536
40  22  527
40  23  496
40  24  488
40  25  502
40  26  421
40  27  438
40  28  382
40  29  434
41  0  419
41  1  444
41  2  485
41  3  481
41  4  524
41  5  481
41  6  477
41  7  528
41  8  521
41  9  531
41  10  527
41  11  555
41  12  552
41  13  577
41  14  558
41  15  599
41  16  593
41  17  570
41  18  556
41  19  535
41  20  511
41  21  503
41  22  484
41  23  520
41  24  478
41  25  444
41  26  443
41  27  465
41  28  461
41  29  456
42  0  416
42  1  442
42  2  435
42  3  457
42  4  493
42  5  513
42  6  512
42  7  508
42  8  468
42  9  488
42  10  523
42  11  535
42  12  597
42  13  574
42  14  586
42  15  580
42  16  606
42  17  563
42  18  539
42  19  520
42  20  506
42  21  511
42  22  506
42  23  498
42  24  474
42  25  452
42  26  416
42  27  444
42  28  448
42  29  426
43  0  399
43  1  442
43  2  420
43  3  442
43  4  440
43  5  467
43  6  461
43  7  528
43  8  524
43  9  515
43  10  525
43  11  571
43  12  571
43  13  565
43  14  537
43  15  577
43  16  543
43  17  573
43  18  572
43  19  526
43  20  538
43  21  510
43  22  537
43  23  459
43  24  487
43  25  497
43  26  470
43  27  416
43  28  431
43  29  429
44  0  377
44  1  447
44  2  452
44  3  485
44  4  492
44  5  498
44  6  515
44  7  548
44  8  482
44  9  491
44  10  592
44  11  535
44  12  549
44  13  581
44  14  589
44  15  566
44  16  567
44  17  561
44  18  560
44  19  568
44  20  482
44  21  509
44  22  470
44  23  473
44  24  517
44  25  490
44  26  421
44  27  444
44  28  411
44  29  421
45  0  386
45  1  442
45  2  463
45  3  441
45  4  480
45  5  514
45  6  535
45  7  522
45  8  508
45  9  505
45  10  507
45  11  572
45  12  570
45  13  561
45  14  568
45  15  613
45  16  549
45  17  586
45  18  599
45  19  589
45  20  516
45  21  501
45  22  507
45  23  458
45  24  433
45  25  441
45  26  441
45  27  416
45  28  490
45  29  440
46  0  410
46  1  430
46  2  452
46  3  462
46  4  497
46  5  492
46  6  504
46  7  512
46  8  519
46  9  508
46  10  538
46  11  536
46  12  547
46  13  603
46  14  540
46  15  605
46  16  572
46  17  631
46  18  548
46  19  519
46  20  533
46  21  512
46  22  507
46  23  520
46  24  475
46  25  476
46  26  467
46  27  458
46  28  444
46  29  443
47  0  412
47  1  420
47  2  429
47  3  495
47  4  468
47  5  440
47  6  492
47  7  515
47  8  513
47  9  529
47  10  574
47  11  582
47  12  602
47  13  565
47  14  611
47  15  569
47  16  606
47  17  567
47  18  586
47  19  557
47  20  520
47  21  524
47  22  495
47  23  458
47  24  458
47  25  447
47  26  479
47  27  398
47  28  450
47  29  442
48  0  410
48  1  416
48  2  457
48  3  489
48  4  499
48  5  484
48  6  495
48  7  518
48  8  527
48  9  527
48  10  538
48  11  529
48  12  564
48  13  526
48  14  611
48  15  577
48  16  547
48  17  568
48  18  540
48  19  576
48  20  526
48  21  562
48  22  486
48  23  497
48  24  474
48  25  512
48  26  459
48  27  448
48  28  419
48  29  425
49  0  408
49  1  452
49  2  441
49  3  461
49  4  442
49  5  496
49  6  496
49  7  484
49  8  502
49  9  511
49  10  549
49  11  559
49  12  538
49  13  570
49  14  568
49  15  543
49  16  549
49  17  573
49  18  544
49  19  520
49  20  517
49  21  488
49  22  477
49  23  451
49  24  478
49  25  488
49  26  419
49  27  446
49  28  459
49  29  408
50  0  441
50  1  423
50  2  444
50  3  459
50  4  459
50  5  514
50  6  492
50  7  456
50  8  500
50  9  515
50  10  555
50  11  559
50  12  533
50  13  557
50  14  603
50  15  602
50  16  543
50  17  607
50  18  542
50  19  538
50  20  498
50  21  496
50  22  505
50  23  474
50  24  523
50  25  429
50  26  469
50  27  457
50  28  450
50  29  428
51  0  430
51  1  416
51  2  446
51  3  435
51  4  478
51  5  482
51  6  485
51  7  494
51  8  512
51  9  487
51  10  539
51  11  555
51  12  522
51  13  594
51  14  571
51  15  574
51  16  536
51  17  551
51  18  525
51  19  549
51  20  523
51  21  519
51  22  485
51  23  476
51  24  497
51  25  491
51  26  466
51  27  437
51  28  431
51  29  436
52  0  421
52  1  443
52  2  438
52  3  479
52  4  440
52  5  495
52  6  477
52  7  524
52  8  484
52  9  531
52  10  532
52  11  545
52  12  601
52  13  572
52  14  554
52  15  545
52  16  543
52  17  547
52  18  521
52  19  519
52  20  489
52  21  522
52  22  482
52  23  473
52  24  477
52  25  489
52  26  431
52  27  446
52  28  407
52  29  448
53  0  405
53  1  425
53  2  471
53  3  468
53  4  500
53  5  458
53  6  457
53  7  467
53  8  511
53  9  506
53  10  518
53  11  536
53  12  531
53  13  532
53  14  527
53  15  560
53  16  566
53  17  531
53  18  533
53  19  523
53  20  516
53  21  523
53  22  492
53  23  477
53  24  459
53  25  472
53  26  429
53  27  450
53  28  429
53  29  450
54  0  422
54  1  445
54  2  420
54  3  446
54  4  449
54  5  454
54  6  485
54  7  502
54  8  510
54  9  491
54  10  544
54  11  484
54  12  566
54  13  550
54  14  576
54  15  540
54  16  582
54  17  533
54  18  560
54  19  521
54  20  523
54  21  502
54  22  476
54  23  480
54  24  465
54  25  464
54  26  446
54  27  418
54  28  415
54  29  400
55  0  400
55  1  428
55  2  433
55  3  443
55  4  473
55  5  482
55  6  439
55  7  454
55  8  469
55  9  553
55  10  488
55  11  472
55  12  540
55  13  585
55  14  523
55  15  545
55  16  587
55  17  592
55  18  510
55  19  490
55  20  520
55  21  458
55  22  500
55  23  501
55  24  423
55  25  425
55  26  450
55  27  405
55  28  388
55  29  441
56  0  423
56  1  422
56  2  376
56  3  437
56  4  424
56  5  442
56  6  454
56  7  464
56  8  445
56  9  497
56  10  507
56  11  476
56  12  554
56  13  552
56  14  553
56  15  582
56  16  545
56  17  571
56  18  478
56  19  513
56  20  500
56  21  511
56  22  461
56  23  507
56  24  414
56  25  452
56  26  386
56  27  417
56  28  410
56  29  432
57  0  375
57  1  411
57  2  433
57  3  424
57  4  447
57  5  463
57  6  426
57  7  503
57  8  457
57  9  477
57  10  500
57  11  521
57  12  555
57  13  558
57  14  519
57  15  533
57  16  559
57  17  542
57  18  504
57  19  528
57  20  484
57  21  505
57  22  489
57  23  475
57  24  441
57  25  444
57  26  395
57  27  429
57  28  408
57  29  395
58  0  367
58  1  434
58  2  397
58  3  417
58  4  437
58  5  472
58  6  461
58  7  466
58  8  456
58  9  514
58  10  501
58  11  505
58  12  566
58  13  508
58  14  516
58  15  563
58  16  496
58  17  542
58  18  517
58  19  526
58  20  479
58  21  444
58  22  432
58  23  439
58  24  470
58  25  432
58  26  404
58  27  409
58  28  424
58  29  406
59  0  413
59  1  369
59  2  388
59  3  430
59  4  482
59  5  468
59  6  449
59  7  494
59  8  455
59  9  522
59  10  556
59  11  534
59  12  522
59  13  563
59  14  512
59  15  495
59  16  534
59  17  561
59  18  531
59  19  512
59  20  479
59  21  502
59  22  463
59  23  436
59  24  426
59  25  429
59  26  402
59  27  408
59  28  429
59  29  414
60  0  387
60  1  369
60  2  422
60  3  426
60  4  406
60  5  456
60  6  473
60  7  469
60  8  507
60  9  496
60  10  484
60  11  541
60  12  541
60  13  511
60  14  536
60  15  526
60  16  486
60  17  504
60  18  479
60  19  479
60  20  467
60  21  465
60  22  435
60  23  437
60  24  442
60  25  422
60  26  415
60  27  417
60  28  392
60  29  399
61  0  361
61  1  357
61  2  425
61  3  411
61  4  424
61  5  422
61  6  434
61  7  443
61  8  464
61  9  477
61  10  477
61  11  516
61  12  462
61  13  529
61  14  523
61  15  516
61  16  566
61  17  502
61  18  511
61  19  505
61  20  474
61  21  454
61  22  466
61  23  397
61  24  453
61  25  411
61  26  426
61  27  394
61  28  389
61  29  391
62  0  373
62  1  375
62  2  402
62  3  432
62  4  441
62  5  399
62  6  425
62  7  425
62  8  440
62  9  435
62  10  457
62  11  492
62  12  502
62  13  494
62  14  512
62  15  528
62  16  519
62  17  485
62  18  470
62  19  496
62  20  442
62  21  464
62  22  432
62  23  417
62  24  433
62  25  430
62  26  429
62  27  368
62  28  393
62  29  416
63  0  368
63  1  359
63  2  377
63  3  407
63  4  411
63  5  439
63  6  416
63  7  439
63  8  452
63  9  479
63  10  476
63  11  511
63  12  492
63  13  527
63  14  526
63  15  464
63  16  493
63  17  506
63  18  459
63  19  477
63  20  432
63  21  434
63  22  399
63  23  486
63  24  407
63  25  424
63  26  393
63  27  397
63  28  366
63  29  374
64  0  361
64  1  384
64  2  374
64  3  381
64  4  387
64  5  406
64  6  425
64  7  425
64  8  452
64  9  458
64  10  449
64  11  466
64  12  471
64  13  499
64  14  500
64  15  532
64  16  479
64  17  480
64  18  469
64  19  450
64  20  492
64  21  459
64  22  412
64  23  434
64  24  419
64  25  417
64  26  410
64  27  418
64  28  368
64  29  355
65  0  385
65  1  376
65  2  364
65  3  414
65  4  429
65  5  388
65  6  419
65  7  400
65  8  447
65  9  415
65  10  481
65  11  472
65  12  444
65  13  516
65  14  474
65  15  470
65  16  481
65  17  461
65  18  511
65  19  424
65  20  455
65  21  425
65  22  461
65  23  408
65  24  429
65  25  384
65  26  392
65  27  354
65  28  359
65  29  397
66  0  349
66  1  348
66  2  345
66  3  371
66  4  386
66  5  374
66  6  432
66  7  392
66  8  412
66  9  457
66  10  469
66  11  477
66  12  478
66  13  456
66  14  471
66  15  461
66  16  488
66  17  458
66  18  449
66  19  437
66  20  421
66  21  402
66  22  423
66  23  373
66  24  400
66  25  418
66  26  348
66  27  388
66  28  342
66  29  387
67  0  333
67  1  354
67  2  349
67  3  377
67  4  376
67  5  438
67  6  364
67  7  355
67  8  451
67  9  405
67  10  452
67  11  474
67  12  426
67  13  431
67  14  459
67  15  415
67  16  444
67  17  441
67  18  418
67  19  400
67  20  443
67  21  413
67  22  374
67  23  426
67  24  402
67  25  401
67  26  380
67  27  368
67  28  349
67  29  357
68  0  385
68  1  340
68  2  366
68  3  332
68  4  354
68  5  374
68  6  370
68  7  396
68  8  377
68  9  404
68  10  429
68  11  426
68  12  435
68  13  417
68  14  458
68  15  472
68  16  416
68  17  423
68  18  455
68  19  430
68  20  374
68  21  391
68  22  337
68  23  408
68  24  373
68  25  362
68  26  350
68  27  385
68  28  325
68  29  353
69  0  318
69  1  330
69  2  325
69  3  306
69  4  362
69  5  377
69  6  385
69  7  387
69  8  368
69  9  385
69  10  396
69  11  413
69  12  429
69  13  433
69  14  451
69  15  406
69  16  443
69  17  388
69  18  421
69  19  399
69  20  377
69  21  421
69  22  370
69  23  326
69  24  334
69  25  352
69  26  363
69  27  321
69  28  344
69  29  344
70  0  259
70  1  343
70  2  290
70  3  336
70  4  319
70  5  322
70  6  337
70  7  350
70  8  370
70  9  345
70  10  378
70  11  391
70  12  366
70  13  407
70  14  420
70  15  358
70  16  404
70  17  388
70  18  397
70  19  384
70  20  399
70  21  363
70  22  365
70  23  349
70  24  343
70  25  327
70  26  331
70  27  323
70  28  326
70  29  286
71  0  277
71  1  312
71  2  288
71  3  283
71  4  303
71  5  304
71  6  333
71  7  340
71  8  344
71  9  348
71  10  376
71  11  393
71  12  365
71  13  376
71  14  391
71  15  403
71  16  388
71  17  382
71  18  365
71  19  378
71  20  323
71  21  354
71  22  314
71  23  300
71  24  343
71  25  341
71  26  350
71  27  287
71  28  295
71  29  254
72  0  320
72  1  281
72  2  320
72  3  292
72  4  296
72  5  329
72  6  324
72  7  347
72  8  314
72  9  339
72  10  353
72  11  362
72  12  380
72  13  371
72  14  368
72  15  364
72  16  380
72  17  354
72  18  394
72  19  376
72  20  350
72  21  352
72  22  366
72  23  330
72  24  327
72  25  323
72  26  329
72  27  321
72  28  326
72  29  274
73  0  271
73  1  292
73  2  278
73  3  292
73  4  309
73  5  343
73  6  320
73  7  311
73  8  330
73  9  345
73  10  326
73  11  353
73  12  394
73  13  339
73  14  344
73  15  338
73  16  371
73  17  386
73  18  351
73  19  338
73  20  335
73  21  315
73  22  306
73  23  305
73  24  302
73  25  319
73  26  311
73  27  326
73  28  275
73  29  268
74  0  266
74  1  288
74  2  289
74  3  319
74  4  302
74  5  300
74  6  334
74  7  298
74  8  348
74  9  328
74  10  340
74  11  355
74  12  340
74  13  333
74  14  365
74  15  368
74  16  359
74  17  379
74  18  332
74  19  357
74  20  304
74  21  335
74  22  281
74  23  310
74  24  299
74  25  282
74  26  261
74  27  301
74  28  273
74  29  296
75  0  265
75  1  283
75  2  295
75  3  259
75  4  272
75  5  338
75  6  295
75  7  319
75  8  293
75  9  318
75  10  315
75  11  343
75  12  325
75  13  314
75  14  365
75  15  383
75  16  362
75  17  361
75  18  303
75  19  354
75  20  320
75  21  332
75  22  299
75  23  295
75  24  272
75  25  289
75  26  292
75  27  273
75  28  263
75  29  299
76  0  277
76  1  257
76  2  261
76  3  294
76  4  288
76  5  279
76  6  307
76  7  284
76  8  304
76  9  312
76  10  329
76  11  301
76  12  329
76  13  326
76  14  344
76  15  331
76  16  363
76  17  308
76  18  341
76  19  297
76  20  306
76  21  324
76  22  320
76  23  300
76  24  269
76  25  259
76  26  257
76  27  277
76  28  266
76  29  224
77  0  251
77  1  276
77  2  262
77  3  257
77  4  279
77  5  303
77  6  308
77  7  301
77  8  274
77  9  283
77  10  327
77  11  293
77  12  324
77  13  304
77  14  356
77  15  352
77  16  316
77  17  328
77  18  307
77  19  292
77  20  307
77  21  303
77  22  288
77  23  288
77  24  294
77  25  288
77  26  259
77  27  260
77  28  262
77  29  254
78  0  254
78  1  243
78  2  224
78  3  254
78  4  299
78  5  260
78  6  295
78  7  292
78  8  243
78  9  306
78  10  314
78  11  324
78  12  314
78  13  349
78  14  340
78  15  288
78  16  326
78  17  302
78  18  299
78  19  307
78  20  290
78  21  299
78  22  272
78  23  324
78  24  277
78  25  229
78  26  229
78  27  277
78  28  242
78  29  237
79  0  247
79  1  244
79  2  259
79  3  258
79  4  250
79  5  257
79  6  269
79  7  266
79  8  258
79  9  267
79  10  306
79  11  297
79  12  297
79  13  313
79  14  303
79  15  285
79  16  306
79  17  292
79  18  294
79  19  310
79  20  292
79  21  295
79  22  230
79  23  246
79  24  277
79  25  251
79  26  256
79  27  250
79  28  252
79  29  254
