0  0  5293
0  1  5261
0  2  5208
0  3  5215
0  4  5231
0  5  5226
0  6  5274
0  7  5211
0  8  5344
0  9  5112
0  10  5253
0  11  5194
0  12  5221
0  13  5297
0  14  5110
0  15  5351
0  16  5080
0  17  5154
0  18  5148
0  19  5197
0  20  5055
0  21  5256
0  22  5190
0  23  5168
0  24  5132
0  25  5324
0  26  5179
0  27  5241
0  28  5258
0  29  5258
1  0  5251
1  1  5260
1  2  5312
1  3  5275
1  4  5136
1  5  5041
1  6  5148
1  7  5230
1  8  5153
1  9  5169
1  10  5308
1  11  5163
1  12  5309
1  13  5095
1  14  5182
1  15  5310
1  16  5185
1  17  5277
1  18  5224
1  19  5262
1  20  5127
1  21  5291
1  22  5151
1  23  5303
1  24  5188
1  25  5160
1  26  5188
1  27  5136
1  28  5227
1  29  5227
2  0  5192
2  1  5112
2  2  5308
2  3  5304
2  4  5170
2  5  5202
2  6  5282
2  7  5189
2  8  5315
2  9  5127
2  10  5278
2  11  5287
2  12  5186
2  13  5340
2  14  5243
2  15  5355
2  16  5230
2  17  5295
2  18  5246
2  19  5203
2  20  5062
2  21  5240
2  22  5166
2  23  5211
2  24  5261
2  25  5219
2  26  5376
2  27  5283
2  28  5188
2  29  5181
3  0  5261
3  1  5198
3  2  5261
3  3  5147
3  4  5321
3  5  5287
3  6  5189
3  7  5288
3  8  5317
3  9  5008
3  10  5188
3  11  5142
3  12  5273
3  13  5203
3  14  5237
3  15  5224
3  16  5104
3  17  5339
3  18  5319
3  19  5350
3  20  5178
3  21  5196
3  22  5215
3  23  5243
3  24  5322
3  25  5304
3  26  5142
3  27  5195
3  28  5236
3  29  5072
4  0  5037
4  1  5208
4  2  5064
4  3  5139
4  4  5370
4  5  5109
4  6  5269
4  7  5117
4  8  5182
4  9  5127
4  10  5053
4  11  5247
4  12  5166
4  13  5142
4  14  5181
4  15  5208
4  16  5267
4  17  5189
4  18  5295
4  19  5226
4  20  5048
4  21  5350
4  22  5184
4  23  5310
4  24  5259
4  25  5229
4  26  5130
4  27  5297
4  28  5317
4  29  5300
5  0  5265
5  1  5335
5  2  5316
5  3  5167
5  4  5420
5  5  5115
5  6  5108
5  7  5189
5  8  5200
5  9  5225
5  10  5187
5  11  5246
5  12  5174
5  13  5310
5  14  5188
5  15  5241
5  16  5211
5  17  5148
5  18  5243
5  19  5212
5  20  5146
5  21  5087
5  22  5271
5  23  5167
5  24  5120
5  25  5196
5  26  5168
5  27  5145
5  28  5349
5  29  5234
6  0  5194
6  1  5312
6  2  5138
6  3  5260
6  4  5078
6  5  5213
6  6  5271
6  7  5190
6  8  5217
6  9  5188
6  10  5206
6  11  5266
6  12  5256
6  13  5133
6  14  5286
6  15  5249
6  16  5232
6  17  5214
6  18  5178
6  19  5233
6  20  5108
6  21  5118
6  22  5270
6  23  5388
6  24  5203
6  25  5245
6  26  5158
6  27  5212
6  28  5202
6  29  5099
7  0  5212
7  1  5109
7  2  5082
7  3  5240
7  4  5286
7  5  5167
7  6  5263
7  7  5145
7  8  5304
7  9  5093
7  10  5208
7  11  5225
7  12  5158
7  13  5288
7  14  5195
7  15  5164
7  16  5145
7  17  5225
7  18  5102
7  19  5258
7  20  5389
7  21  5204
7  22  5337
7  23  5319
7  24  5174
7  25  5230
7  26  5181
7  27  5161
7  28  5142
7  29  5269
8  0  5106
8  1  5219
8  2  5250
8  3  5222
8  4  5275
8  5  5202
8  6  5101
8  7  5142
8  8  5311
8  9  5150
8  10  5211
8  11  5191
8  12  5126
8  13  5115
8  14  5284
8  15  5303
8  16  5183
8  17  5325
8  18  5164
8  19  5347
8  20  5205
8  21  5248
8  22  5268
8  23  5122
8  24  5197
8  25  5254
8  26  5157
8  27  5172
8  28  5182
8  29  5066
9  0  5193
9  1  5196
9  2  5136
9  3  5277
9  4  5146
9  5  5121
9  6  5123
9  7  5234
9  8  5226
9  9  5148
9  10  5290
9  11  5154
9  12  5126
9  13  5135
9  14  5217
9  15  5183
9  16  5096
9  17  5149
9  18  5367
9  19  5224
9  20  5242
9  21  5213
9  22  5073
9  23  5262
9  24  5198
9  25  5249
9  26  5203
9  27  5092
9  28  5120
9  29  5221
10  0  5177
10  1  5214
10  2  5108
10  3  5081
10  4  5214
10  5  5297
10  6  5269
10  7  5125
10  8  5131
10  9  5292
10  10  5319
10  11  5074
10  12  5228
10  13  5193
10  14  5235
10  15  5132
10  16  5153
10  17  5157
10  18  5227
10  19  5250
10  20  5092
10  21  5331
10  22  5236
10  23  5242
10  24  5069
10  25  5224
10  26  5237
10  27  5352
10  28  5214
10  29  5136
11  0  5174
11  1  5136
11  2  5147
11  3  5267
11  4  5255
11  5  5179
11  6  5199
11  7  5256
11  8  5206
11  9  5091
11  10  5364
11  11  5162
11  12  5189
11  13  5166
11  14  5230
11  15  5411
11  16  5284
11  17  5178
11  18  5268
11  19  5087
11  20  5161
11  21  5161
11  22  5178
11  23  5174
11  24  5156
11  25  5175
11  26  5185
11  27  5083
11  28  5241
11  29  5117
12  0  5185
12  1  5188
12  2  5305
12  3  5161
12  4  5165
12  5  5287
12  6  5296
12  7  5154
12  8  5282
12  9  5153
12  10  5139
12  11  5101
12  12  5311
12  13  5062
12  14  5125
12  15  5185
12  16  5178
12  17  5153
12  18  5307
12  19  5152
12  20  5244
12  21  5204
12  22  5296
12  23  5211
12  24  5285
12  25  5252
12  26  5265
12  27  5183
12  28  5287
12  29  5243
13  0  5412
13  1  5181
13  2  5348
13  3  5208
13  4  5206
13  5  5184
13  6  5237
13  7  5207
13  8  5188
13  9  5171
13  10  5191
13  11  5146
13  12  5182
13  13  5083
13  14  5397
13  15  5178
13  16  5134
13  17  5125
13  18  5210
13  19  5240
13  20  5161
13  21  5239
13  22  5203
13  23  5179
13  24  5268
13  25  5150
13  26  5221
13  27  5099
13  28  5174
13  29  5204
14  0  5144
14  1  5234
14  2  5094
14  3  5094
14  4  5300
14  5  5247
14  6  5082
14  7  5303
14  8  5329
14  9  5229
14  10  5158
14  11  5182
14  12  5157
14  13  5383
14  14  5084
14  15  5352
14  16  5205
14  17  5127
14  18  5207
14  19  5159
14  20  5156
14  21  5162
14  22  5150
14  23  5193
14  24  5236
14  25  5192
14  26  5213
14  27  5140
14  28  5241
14  29  5144
15  0  5250
15  1  5327
15  2  5424
15  3  5254
15  4  5234
15  5  5228
15  6  5181
15  7  5201
15  8  5200
15  9  5186
15  10  5186
15  11  5167
15  12  5243
15  13  5235
15  14  5192
15  15  5212
15  16  5129
15  17  5187
15  18  5304
15  19  5210
15  20  5135
15  21  5257
15  22  5312
15  23  5292
15  24  5145
15  25  5122
15  26  5201
15  27  5059
15  28  5236
15  29  5178
16  0  5213
16  1  5249
16  2  5198
16  3  5208
16  4  5250
16  5  5263
16  6  5213
16  7  5270
16  8  5181
16  9  5093
16  10  5159
16  11  5131
16  12  5319
16  13  5195
16  14  5260
16  15  5293
16  16  5346
16  17  5163
16  18  5101
16  19  5154
16  20  5086
16  21  5344
16  22  5200
16  23  5252
16  24  5243
16  25  5153
16  26  5216
16  27  5179
16  28  5212
16  29  5109
17  0  5218
17  1  5087
17  2  5324
17  3  5230
17  4  5126
17  5  5120
17  6  5125
17  7  5273
17  8  5291
17  9  5240
17  10  5124
17  11  5223
17  12  5201
17  13  5154
17  14  5102
17  15  5327
17  16  5308
17  17  5272
17  18  5195
17  19  5136
17  20  5131
17  21  5165
17  22  5262
17  23  5138
17  24  5225
17  25  5319
17  26  5100
17  27  5201
17  28  5149
17  29  5181
18  0  5195
18  1  5094
18  2  5259
18  3  5155
18  4  5231
18  5  5179
18  6  5283
18  7  5150
18  8  5183
18  9  5219
18  10  5192
18  11  5234
18  12  5308
18  13  5146
18  14  5243
18  15  5363
18  16  5166
18  17  5190
18  18  5255
18  19  5326
18  20  5108
18  21  5226
18  22  5089
18  23  5260
18  24  5326
18  25  5159
18  26  5271
18  27  5034
18  28  5262
18  29  5241
19  0  5274
19  1  5176
19  2  5181
19  3  5306
19  4  5234
19  5  5354
19  6  5212
19  7  5268
19  8  5165
19  9  5241
19  10  5170
19  11  5244
19  12  5102
19  13  5226
19  14  5218
19  15  5307
19  16  5214
19  17  5252
19  18  5230
19  19  5226
19  20  5218
19  21  5192
19  22  5137
19  23  5209
19  24  5136
19  25  5181
19  26  5155
19  27  5215
19  28  5306
19  29  5284
20  0  5100
20  1  5221
20  2  5233
20  3  5182
20  4  5207
20  5  5213
20  6  5146
20  7  5323
20  8  5076
20  9  5131
20  10  5305
20  11  5205
20  12  5245
20  13  5258
20  14  5095
20  15  5330
20  16  5142
20  17  5328
20  18  5178
20  19  5124
20  20  5181
20  21  4971
20  22  5103
20  23  5240
20  24  5116
20  25  5134
20  26  5264
20  27  5327
20  28  5304
20  29  5150
21  0  5426
21  1  5228
21  2  5372
21  3  5224
21  4  5286
21  5  5307
21  6  5292
21  7  5200
21  8  5268
21  9  5107
21  10  5221
21  11  5232
21  12  5221
21  13  5182
21  14  5179
21  15  5239
21  16  5184
21  17  5197
21  18  5338
21  19  5076
21  20  5248
21  21  5101
21  22  5228
21  23  5295
21  24  5241
21  25  5289
21  26  5220
21  27  5086
21  28  5247
21  29  5373
22  0  5169
22  1  5286
22  2  5131
22  3  5413
22  4  5187
22  5  5089
22  6  5230
22  7  5133
22  8  5170
22  9  5318
22  10  5326
22  11  5219
22  12  5227
22  13  5137
22  14  5257
22  15  5133
22  16  5329
22  17  5160
22  18  5211
22  19  5195
22  20  5233
22  21  5047
22  22  5133
22  23  5206
22  24  5243
22  25  5206
22  26  5156
22  27  5259
22  28  5326
22  29  5246
23  0  5347
23  1  5214
23  2  5123
23  3  5183
23  4  5221
23  5  5264
23  6  5242
23  7  5191
23  8  5264
23  9  5234
23  10  5239
23  11  5171
23  12  5177
23  13  5264
23  14  5076
23  15  5201
23  16  5274
23  17  5360
23  18  5129
23  19  5168
23  20  5216
23  21  5258
23  22  5198
23  23  5203
23  24  5272
23  25  5160
23  26  5095
23  27  5240
23  28  5185
23  29  5212
24  0  5245
24  1  5126
24  2  5178
24  3  5176
24  4  5152
24  5  5267
24  6  5335
24  7  5188
24  8  5097
24  9  5296
24  10  5040
24  11  5206
24  12  5194
24  13  5229
24  14  5275
24  15  5239
24  16  5203
24  17  5306
24  18  5160
24  19  5348
24  20  5238
24  21  5176
24  22  5087
24  23  5150
24  24  5239
24  25  5167
24  26  5333
24  27  5164
24  28  5225
24  29  5213
25  0  5202
25  1  5295
25  2  5046
25  3  5312
25  4  5333
25  5  5078
25  6  5278
25  7  5089
25  8  5180
25  9  5214
25  10  5225
25  11  5206
25  12  5242
25  13  5251
25  14  5097
25  15  5201
25  16  5206
25  17  5248
25  18  5013
25  19  5140
25  20  5135
25  21  5105
25  22  5298
25  23  5168
25  24  5167
25  25  5085
25  26  5173
25  27  5128
25  28  5237
25  29  5192
26  0  5215
26  1  5240
26  2  5273
26  3  5284
26  4  5166
26  5  5292
26  6  5303
26  7  5147
26  8  5164
26  9  5166
26  10  5185
26  11  5201
26  12  5250
26  13  5138
26  14  5212
26  15  5058
26  16  5181
26  17  5118
26  18  5252
26  19  5131
26  20  5154
26  21  5088
26  22  5283
26  23  5177
26  24  5146
26  25  5286
26  26  5310
26  27  5081
26  28  5308
26  29  5187
27  0  5208
27  1  5241
27  2  5119
27  3  5268
27  4  5194
27  5  5267
27  6  5134
27  7  5147
27  8  5250
27  9  5174
27  10  5157
27  11  5159
27  12  5155
27  13  5216
27  14  5185
27  15  5254
27  16  5328
27  17  5361
27  18  5301
27  19  5167
27  20  5023
27  21  5269
27  22  5224
27  23  5253
27  24  5215
27  25  5280
27  26  5195
27  27  5128
27  28  5169
27  29  5088
28  0  5095
28  1  5206
28  2  5109
28  3  5116
28  4  5142
28  5  5141
28  6  5369
28  7  5230
28  8  5111
28  9  5254
28  10  5253
28  11  5356
28  12  5313
28  13  5254
28  14  5339
28  15  5209
28  16  5186
28  17  5119
28  18  5055
28  19  5168
28  20  5124
28  21  5163
28  22  5166
28  23  5107
28  24  5222
28  25  5227
28  26  5156
28  27  5185
28  28  5224
28  29  5255
29  0  5211
29  1  5166
29  2  5109
29  3  5287
29  4  5220
29  5  5171
29  6  5233
29  7  5143
29  8  5107
29  9  5216
29  10  5320
29  11  5167
29  12  5191
29  13  5048
29  14  5287
29  15  5290
29  16  5204
29  17  5386
29  18  5194
29  19  5237
29  20  5122
29  21  5184
29  22  5251
29  23  5239
29  24  5076
29  25  5232
29  26  5340
29  27  5144
29  28  5252
29  29  5242
30  0  5195
30  1  5167
30  2  5191
30  3  5203
30  4  5185
30  5  5210
30  6  5166
30  7  5181
30  8  5361
30  9  5130
30  10  5124
30  11  5117
30  12  5248
30  13  5089
30  14  5203
30  15  5222
30  16  5291
30  17  5197
30  18  5229
30  19  5220
30  20  5123
30  21  5237
30  22  5143
30  23  5255
30  24  5263
30  25  5308
30  26  5195
30  27  5150
30  28  5295
30  29  5285
31  0  5117
31  1  5215
31  2  5199
31  3  5152
31  4  5097
31  5  5118
31  6  5161
31  7  5197
31  8  5313
31  9  5226
31  10  5087
31  11  5117
31  12  5232
31  13  5274
31  14  5270
31  15  5211
31  16  5156
31  17  5142
31  18  5254
31  19  5257
31  20  5209
31  21  5383
31  22  5236
31  23  5178
31  24  5218
31  25  5363
31  26  5141
31  27  5132
31  28  5283
31  29  5262
32  0  5231
32  1  5194
32  2  5268
32  3  5030
32  4  5290
32  5  5217
32  6  5144
32  7  5116
32  8  5177
32  9  5128
32  10  5267
32  11  5233
32  12  5152
32  13  5260
32  14  5340
32  15  5249
32  16  5199
32  17  5291
32  18  5215
32  19  5275
32  20  5097
32  21  5239
32  22  5253
32  23  5258
32  24  5321
32  25  5259
32  26  5195
32  27  5164
32  28  5139
32  29  5258
33  0  5178
33  1  5116
33  2  5092
33  3  5258
33  4  5429
33  5  5148
33  6  5227
33  7  5150
33  8  5239
33  9  5101
33  10  5301
33  11  5151
33  12  5303
33  13  5180
33  14  5240
33  15  5191
33  16  5231
33  17  5189
33  18  5142
33  19  5292
33  20  5179
33  21  5344
33  22  5216
33  23  5192
33  24  5244
33  25  5274
33  26  5333
33  27  5158
33  28  5185
33  29  5177
34  0  5237
34  1  5201
34  2  5218
34  3  5114
34  4  5321
34  5  5074
34  6  5249
34  7  5237
34  8  5159
34  9  5251
34  10  5293
34  11  5156
34  12  5170
34  13  5216
34  14  5111
34  15  5258
34  16  5258
34  17  5205
34  18  5260
34  19  5187
34  20  5340
34  21  5269
34  22  5245
34  23  5094
34  24  5187
34  25  5141
34  26  5146
34  27  5307
34  28  5188
34  29  5170
35  0  5133
35  1  5125
35  2  5130
35  3  5238
35  4  5293
35  5  5270
35  6  5261
35  7  5203
35  8  5134
35  9  5127
35  10  5122
35  11  5352
35  12  5154
35  13  5277
35  14  5122
35  15  5319
35  16  5240
35  17  5220
35  18  4981
35  19  5229
35  20  5218
35  21  5239
35  22  5307
35  23  5194
35  24  5273
35  25  5244
35  26  5184
35  27  5241
35  28  5201
35  29  5205
36  0  5068
36  1  5123
36  2  5257
36  3  5115
36  4  5191
36  5  5168
36  6  5180
36  7  5183
36  8  5196
36  9  5125
36  10  5248
36  11  5245
36  12  5297
36  13  5136
36  14  5209
36  15  5210
36  16  5088
36  17  5198
36  18  5160
36  19  5200
36  20  5164
36  21  5105
36  22  5209
36  23  5345
36  24  5168
36  25  5043
36  26  5226
36  27  5099
36  28  5237
36  29  5157
37  0  5230
37  1  5244
37  2  5248
37  3  5241
37  4  5283
37  5  5083
37  6  5175
37  7  5273
37  8  5157
37  9  5256
37  10  5254
37  11  5169
37  12  5311
37  13  5241
37  14  5265
37  15  5252
37  16  5211
37  17  5285
37  18  5192
37  19  5119
37  20  5178
37  21  5182
37  22  5257
37  23  5254
37  24  5164
37  25  5054
37  26  5252
37  27  5201
37  28  5080
37  29  5298
38  0  5151
38  1  5260
38  2  5154
38  3  5079
38  4  5176
38  5  5229
38  6  5193
38  7  5115
38  8  5240
38  9  5263
38  10  5278
38  11  5236
38  12  5299
38  13  5242
38  14  5249
38  15  5198
38  16  5256
38  17  5230
38  18  5128
38  19  5163
38  20  5333
38  21  5110
38  22  5090
38  23  5195
38  24  5321
38  25  5235
38  26  5167
38  27  5286
38  28  5258
38  29  5218
39  0  5094
39  1  5195
39  2  5403
39  3  5240
39  4  5127
39  5  5269
39  6  5183
39  7  5156
39  8  5234
39  9  5223
39  10  5145
39  11  5208
39  12  5190
39  13  5050
39  14  5258
39  15  5248
39  16  5237
39  17  5045
39  18  5229
39  19  5212
39  20  5151
39  21  5221
39  22  5193
39  23  5226
39  24  5192
39  25  5257
39  26  5272
39  27  5255
39  28  5264
39  29  5239
40  0  5207
40  1  5165
40  2  5226
40  3  5215
40  4  5021
40  5  5071
40  6  5266
40  7  5175
40  8  5207
40  9  5188
40  10  5210
40  11  5337
40  12  5258
40  13  5167
40  14  5192
40  15  5115
40  16  5125
40  17  5326
40  18  5188
40  19  5258
40  20  5149
40  21  5286
40  22  5157
40  23  5231
40  24  5176
40  25  5244
40  26  5251
40  27  5217
40  28  5292
40  29  5176
41  0  5226
41  1  5206
41  2  5148
41  3  5094
41  4  5309
41  5  5201
41  6  5144
41  7  5237
41  8  5228
41  9  5179
41  10  5268
41  11  5290
41  12  5179
41  13  5339
41  14  5254
41  15  5132
41  16  5183
41  17  5182
41  18  5185
41  19  5163
41  20  5335
41  21  5254
41  22  5132
41  23  5378
41  24  5273
41  25  5237
41  26  5268
41  27  5261
41  28  5236
41  29  5146
42  0  5283
42  1  5189
42  2  5188
42  3  5307
42  4  5279
42  5  5280
42  6  5182
42  7  5276
42  8  5091
42  9  5148
42  10  5203
42  11  5305
42  12  5238
42  13  5125
42  14  5140
42  15  5147
42  16  5241
42  17  5198
42  18  5144
42  19  5303
42  20  5145
42  21  5226
42  22  5303
42  23  5091
42  24  5266
42  25  5242
42  26  5137
42  27  5141
42  28  5275
42  29  5378
43  0  5200
43  1  5349
43  2  5322
43  3  5200
43  4  5395
43  5  5159
43  6  5146
43  7  5201
43  8  5135
43  9  5156
43  10  5315
43  11  5189
43  12  5336
43  13  5050
43  14  5182
43  15  5187
43  16  5167
43  17  5266
43  18  5234
43  19  5153
43  20  5180
43  21  5101
43  22  5238
43  23  5176
43  24  5310
43  25  5234
43  26  5216
43  27  5244
43  28  5191
43  29  5172
44  0  5295
44  1  5279
44  2  5297
44  3  5251
44  4  5400
44  5  5284
44  6  5402
44  7  5268
44  8  5174
44  9  5044
44  10  5299
44  11  5408
44  12  5214
44  13  5164
44  14  5237
44  15  5252
44  16  5309
44  17  5200
44  18  5225
44  19  5223
44  20  5156
44  21  5156
44  22  5124
44  23  5268
44  24  5108
44  25  5267
44  26  5130
44  27  5272
44  28  5271
44  29  5206
45  0  5185
45  1  5305
45  2  5278
45  3  5132
45  4  5244
45  5  5165
45  6  5173
45  7  5274
45  8  5285
45  9  5210
45  10  5153
45  11  5132
45  12  5329
45  13  5218
45  14  5389
45  15  5170
45  16  5270
45  17  5088
45  18  5268
45  19  5159
45  20  5229
45  21  5249
45  22  5259
45  23  5285
45  24  5125
45  25  5053
45  26  5166
45  27  5195
45  28  5236
45  29  5166
46  0  5232
46  1  5252
46  2  5239
46  3  5293
46  4  5184
46  5  5236
46  6  5133
46  7  5172
46  8  5256
46  9  5264
46  10  5148
46  11  5139
46  12  5244
46  13  5197
46  14  5164
46  15  5189
46  16  5210
46  17  5290
46  18  5190
46  19  5162
46  20  5268
46  21  5175
46  22  5273
46  23  5270
46  24  5267
46  25  5006
46  26  5329
46  27  5110
46  28  5105
46  29  5301
47  0  5146
47  1  5218
47  2  5285
47  3  5298
47  4  5322
47  5  5133
47  6  5040
47  7  5164
47  8  5283
47  9  5256
47  10  5163
47  11  5309
47  12  5132
47  13  5387
47  14  5300
47  15  5138
47  16  5258
47  17  5182
47  18  5120
47  19  5167
47  20  5234
47  21  5171
47  22  5243
47  23  5231
47  24  5227
47  25  5183
47  26  5346
47  27  5252
47  28  5193
47  29  5172
48  0  5238
48  1  5143
48  2  5120
48  3  5091
48  4  5228
48  5  5165
48  6  5193
48  7  5159
48  8  5105
48  9  5216
48  10  5245
48  11  5298
48  12  5230
48  13  5196
48  14  5199
48  15  5140
48  16  5125
48  17  5282
48  18  5216
48  19  5096
48  20  5140
48  21  5204
48  22  5153
48  23  5203
48  24  5170
48  25  5265
48  26  5217
48  27  5293
48  28  5160
48  29  5210
49  0  5183
49  1  5205
49  2  5381
49  3  5226
49  4  5165
49  5  5153
49  6  5331
49  7  5204
49  8  5189
49  9  5127
49  10  5262
49  11  5291
49  12  5164
49  13  5227
49  14  5367
49  15  5269
49  16  5197
49  17  5218
49  18  5113
49  19  5246
49  20  5183
49  21  5138
49  22  5124
49  23  5218
49  24  5165
49  25  5270
49  26  5235
49  27  5211
49  28  5285
49  29  5305
50  0  5319
50  1  5141
50  2  5224
50  3  5146
50  4  5237
50  5  5115
50  6  5139
50  7  5228
50  8  5227
50  9  5296
50  10  5287
50  11  5244
50  12  5312
50  13  5275
50  14  5307
50  15  5116
50  16  5226
50  17  5244
50  18  5208
50  19  5165
50  20  5236
50  21  5227
50  22  5239
50  23  5171
50  24  5218
50  25  5199
50  26  5094
50  27  5320
50  28  5212
50  29  5259
51  0  5266
51  1  5168
51  2  5144
51  3  5334
51  4  5219
51  5  5392
51  6  5307
51  7  5224
51  8  5306
51  9  5216
51  10  5197
51  11  5160
51  12  5139
51  13  5217
51  14  5227
51  15  5185
51  16  5283
51  17  5077
51  18  5337
51  19  5230
51  20  5112
51  21  5125
51  22  5137
51  23  5209
51  24  5129
51  25  5168
51  26  5286
51  27  5132
51  28  5196
51  29  5217
52  0  4932
52  1  5185
52  2  5234
52  3  5191
52  4  5125
52  5  5171
52  6  5244
52  7  5257
52  8  5307
52  9  5133
52  10  5113
52  11  5221
52  12  5200
52  13  5249
52  14  5328
52  15  5247
52  16  5286
52  17  5201
52  18  5218
52  19  5137
52  20  5164
52  21  5323
52  22  5234
52  23  5279
52  24  5245
52  25  5203
52  26  5148
52  27  5229
52  28  5285
52  29  5159
53  0  5084
53  1  5201
53  2  5228
53  3  5153
53  4  5174
53  5  5082
53  6  5176
53  7  5244
53  8  5145
53  9  5279
53  10  5355
53  11  5209
53  12  5222
53  13  5109
53  14  5295
53  15  5160
53  16  5195
53  17  5217
53  18  5235
53  19  5173
53  20  5131
53  21  5166
53  22  5222
53  23  5134
53  24  5238
53  25  5229
53  26  5239
53  27  5346
53  28  5119
53  29  5213
54  0  5162
54  1  5200
54  2  5199
54  3  5232
54  4  5292
54  5  5080
54  6  5286
54  7  5161
54  8  5259
54  9  5169
54  10  5133
54  11  5194
54  12  5069
54  13  5351
54  14  5122
54  15  5146
54  16  5014
54  17  5254
54  18  5078
54  19  5045
54  20  5266
54  21  5257
54  22  5344
54  23  5240
54  24  5077
54  25  5274
54  26  5188
54  27  5354
54  28  5291
54  29  5258
55  0  5335
55  1  5253
55  2  5173
55  3  5198
55  4  5196
55  5  5340
55  6  5307
55  7  5152
55  8  5265
55  9  5127
55  10  5219
55  11  5165
55  12  5261
55  13  5141
55  14  5306
55  15  5085
55  16  5339
55  17  5239
55  18  5222
55  19  5308
55  20  5110
55  21  5343
55  22  5161
55  23  5101
55  24  5176
55  25  5211
55  26  5246
55  27  5228
55  28  5257
55  29  5135
56  0  5143
56  1  5322
56  2  5193
56  3  5078
56  4  5316
56  5  5163
56  6  5189
56  7  5187
56  8  5277
56  9  5221
56  10  5173
56  11  5207
56  12  5161
56  13  5087
56  14  5117
56  15  5314
56  16  5426
56  17  5266
56  18  5209
56  19  5242
56  20  5241
56  21  5219
56  22  5149
56  23  5218
56  24  5222
56  25  5221
56  26  5215
56  27  5235
56  28  5245
56  29  5115
57  0  5256
57  1  5133
57  2  5272
57  3  5263
57  4  5383
57  5  5180
57  6  5136
57  7  5184
57  8  5308
57  9  5249
57  10  5235
57  11  5204
57  12  5092
57  13  5220
57  14  5245
57  15  5218
57  16  5216
57  17  5255
57  18  5234
57  19  5244
57  20  5212
57  21  5254
57  22  5269
57  23  5203
57  24  5156
57  25  5240
57  26  5157
57  27  5180
57  28  5296
57  29  5116
58  0  5155
58  1  5141
58  2  5184
58  3  5065
58  4  5192
58  5  5280
58  6  5216
58  7  5114
58  8  5218
58  9  5162
58  10  5252
58  11  5235
58  12  5325
58  13  5149
58  14  5287
58  15  5143
58  16  5178
58  17  5231
58  18  5299
58  19  5134
58  20  5225
58  21  5301
58  22  5213
58  23  5138
58  24  5283
58  25  5168
58  26  5186
58  27  5229
58  28  5238
58  29  5279
59  0  5222
59  1  5169
59  2  5168
59  3  5180
59  4  5187
59  5  5351
59  6  5343
59  7  5354
59  8  5252
59  9  5310
59  10  5343
59  11  5267
59  12  5357
59  13  5238
59  14  5253
59  15  5186
59  16  5139
59  17  5316
59  18  5244
59  19  5147
59  20  5251
59  21  5134
59  22  5128
59  23  5219
59  24  5256
59  25  5152
59  26  5183
59  27  5241
59  28  5141
59  29  5211
60  0  5248
60  1  5191
60  2  5158
60  3  5236
60  4  5311
60  5  5289
60  6  5302
60  7  5190
60  8  5252
60  9  5162
60  10  5199
60  11  5297
60  12  5208
60  13  5068
60  14  5152
60  15  5263
60  16  5157
60  17  5218
60  18  5115
60  19  5117
60  20  5252
60  21  5306
60  22  5309
60  23  5185
60  24  4964
60  25  5312
60  26  5183
60  27  5043
60  28  5216
60  29  5223
61  0  5123
61  1  5279
61  2  5344
61  3  5126
61  4  5168
61  5  5233
61  6  5235
61  7  5215
61  8  5237
61  9  5197
61  10  5134
61  11  5161
61  12  5334
61  13  5196
61  14  5336
61  15  5203
61  16  5141
61  17  5303
61  18  5043
61  19  5245
61  20  5105
61  21  5275
61  22  5267
61  23  5171
61  24  5304
61  25  5140
61  26  5144
61  27  5314
61  28  5281
61  29  5335
62  0  5169
62  1  5194
62  2  5150
62  3  5174
62  4  5193
62  5  5247
62  6  5164
62  7  5259
62  8  5180
62  9  5203
62  10  5189
62  11  5119
62  12  5142
62  13  5077
62  14  5199
62  15  5194
62  16  5357
62  17  5167
62  18  5254
62  19  5222
62  20  5230
62  21  5219
62  22  5227
62  23  5241
62  24  5200
62  25  5306
62  26  5340
62  27  5219
62  28  5226
62  29  5202
63  0  5163
63  1  5192
63  2  5212
63  3  5189
63  4  5272
63  5  5200
63  6  5172
63  7  5143
63  8  5234
63  9  5182
63  10  5214
63  11  5249
63  12  5206
63  13  5200
63  14  5142
63  15  5187
63  16  5251
63  17  5265
63  18  5239
63  19  5199
63  20  5306
63  21  5198
63  22  5283
63  23  5294
63  24  5284
63  25  5296
63  26  5290
63  27  5384
63  28  5106
63  29  5239
64  0  5302
64  1  5145
64  2  5027
64  3  5163
64  4  5212
64  5  5230
64  6  5261
64  7  5221
64  8  5273
64  9  5332
64  10  5353
64  11  5183
64  12  5260
64  13  5208
64  14  5013
64  15  5246
64  16  5089
64  17  5152
64  18  5126
64  19  5249
64  20  5121
64  21  5161
64  22  5177
64  23  5224
64  24  5189
64  25  5216
64  26  5038
64  27  5312
64  28  5233
64  29  5218
65  0  5145
65  1  5220
65  2  5177
65  3  5136
65  4  4976
65  5  5233
65  6  5177
65  7  5243
65  8  5132
65  9  5331
65  10  5241
65  11  5188
65  12  5121
65  13  5224
65  14  5131
65  15  5147
65  16  5021
65  17  4976
65  18  5221
65  19  5258
65  20  5253
65  21  5102
65  22  5343
65  23  5144
65  24  5170
65  25  5139
65  26  5122
65  27  5168
65  28  5149
65  29  5314
66  0  5211
66  1  5346
66  2  5310
66  3  5317
66  4  5187
66  5  5179
66  6  5285
66  7  5193
66  8  5121
66  9  5247
66  10  5361
66  11  5211
66  12  5217
66  13  5273
66  14  5186
66  15  5288
66  16  5225
66  17  5347
66  18  5206
66  19  5258
66  20  5193
66  21  5203
66  22  5257
66  23  5061
66  24  5236
66  25  4942
66  26  5262
66  27  5286
66  28  5275
66  29  5320
67  0  5028
67  1  5169
67  2  5230
67  3  5190
67  4  5213
67  5  5176
67  6  5175
67  7  5160
67  8  5142
67  9  5249
67  10  5249
67  11  5233
67  12  5167
67  13  5194
67  14  5079
67  15  5160
67  16  5162
67  17  5398
67  18  5246
67  19  5222
67  20  5136
67  21  5156
67  22  5082
67  23  5101
67  24  5187
67  25  5233
67  26  5220
67  27  5259
67  28  5172
67  29  5182
68  0  5242
68  1  5272
68  2  5321
68  3  5273
68  4  5238
68  5  5236
68  6  5199
68  7  5213
68  8  5110
68  9  5223
68  10  5163
68  11  5064
68  12  5201
68  13  5360
68  14  5165
68  15  5240
68  16  5160
68  17  5091
68  18  5308
68  19  5153
68  20  5116
68  21  5285
68  22  5290
68  23  5268
68  24  5232
68  25  5193
68  26  5206
68  27  5052
68  28  5180
68  29  5357
69  0  5254
69  1  5096
69  2  5263
69  3  5165
69  4  5218
69  5  5086
69  6  5187
69  7  5230
69  8  5198
69  9  5176
69  10  5134
69  11  5179
69  12  5126
69  13  5154
69  14  5230
69  15  5242
69  16  5211
69  17  5299
69  18  5140
69  19  5182
69  20  5248
69  21  5100
69  22  5140
69  23  5215
69  24  5120
69  25  5206
69  26  5178
69  27  5146
69  28  5167
69  29  5202
70  0  5147
70  1  5171
70  2  5291
70  3  5297
70  4  5141
70  5  5150
70  6  5147
70  7  5139
70  8  5141
70  9  5166
70  10  5169
70  11  5230
70  12  5203
70  13  5281
70  14  5073
70  15  5254
70  16  5239
70  17  5246
70  18  5078
70  19  5232
70  20  5116
70  21  5100
70  22  5108
70  23  5140
70  24  5223
70  25  5190
70  26  5213
70  27  5173
70  28  5224
70  29  5242
71  0  5276
71  1  5286
71  2  5193
71  3  5269
71  4  5313
71  5  5206
71  6  5153
71  7  5219
71  8  5182
71  9  5191
71  10  5124
71  11  5233
71  12  5345
71  13  5236
71  14  5110
71  15  5300
71  16  5019
71  17  5226
71  18  5224
71  19  5199
71  20  5180
71  21  5223
71  22  5324
71  23  5167
71  24  5375
71  25  5304
71  26  5171
71  27  5243
71  28  5216
71  29  5167
72  0  5299
72  1  5212
72  2  5313
72  3  5209
72  4  5311
72  5  5268
72  6  5258
72  7  5365
72  8  5243
72  9  5294
72  10  5159
72  11  5044
72  12  5267
72  13  5194
72  14  5097
72  15  5020
72  16  5168
72  17  5266
72  18  5241
72  19  5149
72  20  5248
72  21  5199
72  22  5118
72  23  5141
72  24  5202
72  25  5366
72  26  5097
72  27  5136
72  28  5117
72  29  5124
73  0  5209
73  1  5122
73  2  5255
73  3  5053
73  4  5155
73  5  5313
73  6  5134
73  7  5192
73  8  5214
73  9  5170
73  10  5329
73  11  5252
73  12  5143
73  13  5186
73  14  5234
73  15  5269
73  16  5216
73  17  5341
73  18  5299
73  19  5188
73  20  5231
73  21  5370
73  22  5283
73  23  5237
73  24  5158
73  25  5313
73  26  5180
73  27  5173
73  28  5242
73  29  5225
74  0  5281
74  1  5085
74  2  5107
74  3  5160
74  4  5109
74  5  5199
74  6  5303
74  7  5119
74  8  5200
74  9  5307
74  10  5220
74  11  5107
74  12  5195
74  13  5077
74  14  5236
74  15  5230
74  16  5237
74  17  5192
74  18  5259
74  19  5183
74  20  5165
74  21  5318
74  22  5203
74  23  5196
74  24  5221
74  25  5245
74  26  5211
74  27  5234
74  28  5212
74  29  5241
75  0  5304
75  1  5169
75  2  5223
75  3  5092
75  4  5206
75  5  5168
75  6  5159
75  7  5215
75  8  5266
75  9  5272
75  10  5181
75  11  5286
75  12  5212
75  13  5165
75  14  5234
75  15  5230
75  16  5212
75  17  5108
75  18  5221
75  19  5159
75  20  5248
75  21  5335
75  22  5284
75  23  5244
75  24  5188
75  25  5259
75  26  5212
75  27  5188
75  28  5205
75  29  5033
76  0  5181
76  1  5219
76  2  5236
76  3  5143
76  4  5215
76  5  5158
76  6  5173
76  7  5243
76  8  5224
76  9  5109
76  10  5202
76  11  5121
76  12  5074
76  13  5281
76  14  5169
76  15  5212
76  16  5156
76  17  5252
76  18  5081
76  19  5192
76  20  5202
76  21  5125
76  22  5172
76  23  5244
76  24  5243
76  25  5120
76  26  5306
76  27  5160
76  28  5137
76  29  5289
77  0  4985
77  1  5292
77  2  5119
77  3  5224
77  4  5162
77  5  5421
77  6  5155
77  7  5145
77  8  5097
77  9  5296
77  10  5152
77  11  5190
77  12  5143
77  13  5274
77  14  5208
77  15  5213
77  16  5343
77  17  5092
77  18  5266
77  19  5128
77  20  5234
77  21  5176
77  22  5132
77  23  5293
77  24  5183
77  25  5142
77  26  5258
77  27  5240
77  28  5038
77  29  5112
78  0  5214
78  1  5100
78  2  5352
78  3  5043
78  4  5118
78  5  5176
78  6  5345
78  7  5119
78  8  5195
78  9  5182
78  10  5046
78  11  5173
78  12  5210
78  13  5172
78  14  5135
78  15  5162
78  16  5323
78  17  5146
78  18  5271
78  19  5277
78  20  5291
78  21  5144
78  22  5267
78  23  5307
78  24  5096
78  25  5171
78  26  5195
78  27  5334
78  28  5208
78  29  5096
79  0  5063
79  1  5373
79  2  5230
79  3  5380
79  4  5294
79  5  5235
79  6  5250
79  7  5202
79  8  5229
79  9  5201
79  10  5217
79  11  5327
79  12  5207
79  13  5016
79  14  5177
79  15  5253
79  16  5366
79  17  5178
79  18  5178
79  19  5207
79  20  5160
79  21  5359
79  22  5100
79  23  5197
79  24  5276
79  25  5300
79  26  5245
79  27  5152
79  28  5254
79  29  5128
