0  0  286
0  1  326
0  2  320
0  3  364
0  4  360
0  5  391
0  6  421
0  7  454
0  8  420
0  9  446
0  10  461
0  11  467
0  12  456
0  13  457
0  14  475
0  15  474
0  16  465
0  17  506
0  18  480
0  19  450
0  20  465
0  21  425
0  22  440
0  23  413
0  24  352
0  25  372
0  26  312
0  27  306
0  28  291
0  29  317
1  0  322
1  1  313
1  2  332
1  3  332
1  4  398
1  5  413
1  6  439
1  7  468
1  8  475
1  9  453
1  10  493
1  11  459
1  12  534
1  13  532
1  14  583
1  15  504
1  16  525
1  17  479
1  18  474
1  19  480
1  20  466
1  21  439
1  22  431
1  23  471
1  24  403
1  25  373
1  26  386
1  27  358
1  28  354
1  29  299
2  0  331
2  1  341
2  2  353
2  3  376
2  4  392
2  5  437
2  6  472
2  7  454
2  8  482
2  9  507
2  10  533
2  11  491
2  12  556
2  13  545
2  14  543
2  15  539
2  16  515
2  17  534
2  18  552
2  19  566
2  20  509
2  21  497
2  22  481
2  23  482
2  24  431
2  25  408
2  26  371
2  27  363
2  28  341
2  29  325
3  0  333
3  1  370
3  2  390
3  3  376
3  4  376
3  5  456
3  6  515
3  7  497
3  8  552
3  9  566
3  10  514
3  11  600
3  12  564
3  13  540
3  14  532
3  15  590
3  16  553
3  17  543
3  18  557
3  19  563
3  20  539
3  21  531
3  22  511
3  23  496
3  24  473
3  25  442
3  26  381
3  27  365
3  28  378
3  29  357
4  0  363
4  1  414
4  2  403
4  3  417
4  4  476
4  5  490
4  6  542
4  7  566
4  8  583
4  9  567
4  10  595
4  11  652
4  12  662
4  13  620
4  14  600
4  15  629
4  16  620
4  17  603
4  18  613
4  19  588
4  20  591
4  21  591
4  22  598
4  23  534
4  24  449
4  25  450
4  26  437
4  27  384
4  28  397
4  29  384
5  0  385
5  1  482
5  2  466
5  3  440
5  4  471
5  5  491
5  6  503
5  7  567
5  8  618
5  9  630
5  10  635
5  11  636
5  12  640
5  13  673
5  14  691
5  15  666
5  16  722
5  17  687
5  18  671
5  19  628
5  20  639
5  21  594
5  22  581
5  23  587
5  24  500
5  25  493
5  26  454
5  27  411
5  28  423
5  29  374
6  0  389
6  1  422
6  2  489
6  3  502
6  4  550
6  5  580
6  6  576
6  7  641
6  8  619
6  9  612
6  10  665
6  11  694
6  12  703
6  13  717
6  14  720
6  15  692
6  16  708
6  17  701
6  18  674
6  19  701
6  20  653
6  21  610
6  22  639
6  23  607
6  24  553
6  25  512
6  26  471
6  27  481
6  28  423
6  29  431
7  0  447
7  1  467
7  2  466
7  3  512
7  4  616
7  5  591
7  6  617
7  7  630
7  8  705
7  9  678
7  10  731
7  11  741
7  12  736
7  13  730
7  14  709
7  15  762
7  16  774
7  17  738
7  18  682
7  19  710
7  20  679
7  21  681
7  22  680
7  23  613
7  24  595
7  25  529
7  26  499
7  27  469
7  28  474
7  29  414
8  0  477
8  1  428
8  2  514
8  3  558
8  4  616
8  5  573
8  6  625
8  7  644
8  8  707
8  9  743
8  10  749
8  11  758
8  12  753
8  13  737
8  14  778
8  15  795
8  16  750
8  17  712
8  18  736
8  19  714
8  20  689
8  21  706
8  22  672
8  23  644
8  24  603
8  25  584
8  26  509
8  27  498
8  28  475
8  29  459
9  0  489
9  1  503
9  2  505
9  3  558
9  4  623
9  5  634
9  6  634
9  7  713
9  8  724
9  9  720
9  10  756
9  11  830
9  12  771
9  13  813
9  14  783
9  15  785
9  16  749
9  17  807
9  18  766
9  19  809
9  20  739
9  21  695
9  22  680
9  23  653
9  24  623
9  25  585
9  26  497
9  27  487
9  28  487
9  29  512
10  0  483
10  1  486
10  2  546
10  3  577
10  4  612
10  5  668
10  6  704
10  7  677
10  8  715
10  9  778
10  10  774
10  11  790
10  12  799
10  13  792
10  14  794
10  15  744
10  16  814
10  17  803
10  18  822
10  19  750
10  20  759
10  21  727
10  22  703
10  23  684
10  24  630
10  25  596
10  26  604
10  27  556
10  28  515
10  29  443
11  0  485
11  1  509
11  2  516
11  3  585
11  4  610
11  5  652
11  6  702
11  7  742
11  8  775
11  9  823
11  10  771
11  11  780
11  12  836
11  13  802
11  14  810
11  15  818
11  16  808
11  17  780
11  18  847
11  19  788
11  20  767
11  21  776
11  22  717
11  23  706
11  24  676
11  25  616
11  26  544
11  27  522
11  28  533
11  29  508
12  0  443
12  1  481
12  2  605
12  3  578
12  4  655
12  5  623
12  6  699
12  7  753
12  8  779
12  9  805
12  10  774
12  11  813
12  12  825
12  13  818
12  14  834
12  15  859
12  16  793
12  17  826
12  18  807
12  19  862
12  20  771
12  21  849
12  22  735
12  23  757
12  24  649
12  25  678
12  26  614
12  27  553
12  28  534
12  29  536
13  0  502
13  1  499
13  2  608
13  3  608
13  4  619
13  5  687
13  6  765
13  7  732
13  8  820
13  9  767
13  10  753
13  11  873
13  12  804
13  13  820
13  14  851
13  15  858
13  16  818
13  17  837
13  18  794
13  19  822
13  20  819
13  21  769
13  22  769
13  23  722
13  24  677
13  25  635
13  26  592
13  27  553
13  28  543
13  29  496
14  0  539
14  1  535
14  2  582
14  3  593
14  4  646
14  5  697
14  6  768
14  7  737
14  8  828
14  9  871
14  10  867
14  11  843
14  12  818
14  13  830
14  14  847
14  15  817
14  16  803
14  17  868
14  18  816
14  19  813
14  20  833
14  21  832
14  22  730
14  23  740
14  24  677
14  25  679
14  26  636
14  27  583
14  28  552
14  29  527
15  0  512
15  1  567
15  2  560
15  3  627
15  4  648
15  5  682
15  6  701
15  7  792
15  8  825
15  9  782
15  10  829
15  11  792
15  12  847
15  13  895
15  14  834
15  15  835
15  16  902
15  17  826
15  18  809
15  19  885
15  20  804
15  21  816
15  22  758
15  23  801
15  24  695
15  25  637
15  26  571
15  27  559
15  28  576
15  29  504
16  0  533
16  1  564
16  2  570
16  3  607
16  4  655
16  5  714
16  6  711
16  7  769
16  8  824
16  9  778
16  10  778
16  11  794
16  12  866
16  13  862
16  14  799
16  15  885
16  16  850
16  17  902
16  18  880
16  19  887
16  20  834
16  21  771
16  22  793
16  23  768
16  24  750
16  25  661
16  26  589
16  27  581
16  28  541
16  29  506
17  0  501
17  1  544
17  2  531
17  3  646
17  4  662
17  5  738
17  6  803
17  7  808
17  8  791
17  9  843
17  10  839
17  11  887
17  12  841
17  13  841
17  14  921
17  15  884
17  16  837
17  17  884
17  18  841
17  19  868
17  20  815
17  21  788
17  22  761
17  23  727
17  24  732
17  25  660
17  26  633
17  27  644
17  28  553
17  29  533
18  0  510
18  1  552
18  2  624
18  3  604
18  4  677
18  5  744
18  6  776
18  7  778
18  8  826
18  9  829
18  10  824
18  11  811
18  12  878
18  13  860
18  14  944
18  15  852
18  16  856
18  17  889
18  18  837
18  19  870
18  20  820
18  21  819
18  22  726
18  23  698
18  24  721
18  25  641
18  26  648
18  27  601
18  28  567
18  29  574
19  0  529
19  1  534
19  2  599
19  3  620
19  4  753
19  5  719
19  6  731
19  7  792
19  8  774
19  9  816
19  10  854
19  11  890
19  12  904
19  13  873
19  14  903
19  15  832
19  16  883
19  17  887
19  18  885
19  19  833
19  20  848
19  21  810
19  22  787
19  23  728
19  24  735
19  25  688
19  26  602
19  27  608
19  28  575
19  29  559
20  0  530
20  1  559
20  2  621
20  3  647
20  4  659
20  5  745
20  6  738
20  7  780
20  8  869
20  9  867
20  10  802
20  11  852
20  12  862
20  13  927
20  14  891
20  15  842
20  16  841
20  17  869
20  18  864
20  19  855
20  20  843
20  21  868
20  22  784
20  23  736
20  24  741
20  25  658
20  26  645
20  27  589
20  28  580
20  29  539
21  0  562
21  1  576
21  2  612
21  3  642
21  4  669
21  5  712
21  6  805
21  7  775
21  8  832
21  9  831
21  10  890
21  11  851
21  12  885
21  13  900
21  14  873
21  15  899
21  16  903
21  17  864
21  18  899
21  19  858
21  20  786
21  21  798
21  22  783
21  23  726
21  24  704
21  25  663
21  26  623
21  27  627
21  28  576
21  29  551
22  0  508
22  1  532
22  2  609
22  3  625
22  4  663
22  5  644
22  6  783
22  7  857
22  8  895
22  9  829
22  10  913
22  11  885
22  12  896
22  13  885
22  14  884
22  15  923
22  16  905
22  17  915
22  18  876
22  19  825
22  20  792
22  21  828
22  22  824
22  23  763
22  24  786
22  25  661
22  26  599
22  27  638
22  28  567
22  29  564
23  0  539
23  1  561
23  2  615
23  3  608
23  4  685
23  5  744
23  6  746
23  7  829
23  8  842
23  9  845
23  10  888
23  11  879
23  12  866
23  13  918
23  14  895
23  15  841
23  16  889
23  17  854
23  18  881
23  19  851
23  20  878
23  21  850
23  22  798
23  23  814
23  24  714
23  25  676
23  26  631
23  27  618
23  28  565
23  29  517
24  0  516
24  1  578
24  2  694
24  3  639
24  4  738
24  5  698
24  6  817
24  7  810
24  8  848
24  9  864
24  10  898
24  11  852
24  12  900
24  13  920
24  14  909
24  15  926
24  16  886
24  17  908
24  18  894
24  19  906
24  20  886
24  21  840
24  22  831
24  23  766
24  24  696
24  25  704
24  26  613
24  27  611
24  28  590
24  29  531
25  0  538
25  1  571
25  2  591
25  3  653
25  4  692
25  5  724
25  6  779
25  7  783
25  8  854
25  9  817
25  10  893
25  11  871
25  12  936
25  13  949
25  14  957
25  15  883
25  16  865
25  17  946
25  18  880
25  19  921
25  20  878
25  21  821
25  22  824
25  23  772
25  24  728
25  25  689
25  26  640
25  27  635
25  28  608
25  29  574
26  0  569
26  1  601
26  2  615
26  3  644
26  4  677
26  5  752
26  6  730
26  7  801
26  8  808
26  9  843
26  10  918
26  11  867
26  12  894
26  13  925
26  14  944
26  15  889
26  16  854
26  17  892
26  18  873
26  19  851
26  20  896
26  21  785
26  22  802
26  23  782
26  24  688
26  25  734
26  26  614
26  27  595
26  28  551
26  29  525
27  0  521
27  1  559
27  2  613
27  3  629
27  4  675
27  5  708
27  6  794
27  7  763
27  8  815
27  9  860
27  10  834
27  11  937
27  12  880
27  13  919
27  14  873
27  15  942
27  16  906
27  17  857
27  18  853
27  19  842
27  20  872
27  21  760
27  22  824
27  23  812
27  24  708
27  25  708
27  26  653
27  27  605
27  28  545
27  29  507
28  0  521
28  1  562
28  2  592
28  3  636
28  4  627
28  5  756
28  6  782
28  7  808
28  8  823
28  9  829
28  10  885
28  11  918
28  12  905
28  13  936
28  14  858
28  15  887
28  16  942
28  17  900
28  18  903
28  19  871
28  20  845
28  21  871
28  22  824
28  23  797
28  24  721
28  25  687
28  26  673
28  27  600
28  28  582
28  29  542
29  0  570
29  1  581
29  2  628
29  3  609
29  4  656
29  5  721
29  6  726
29  7  840
29  8  855
29  9  830
29  10  920
29  11  897
29  12  870
29  13  905
29  14  934
29  15  922
29  16  901
29  17  846
29  18  912
29  19  880
29  20  877
29  21  839
29  22  784
29  23  790
29  24  722
29  25  636
29  26  667
29  27  616
29  28  593
29  29  511
30  0  563
30  1  647
30  2  604
30  3  677
30  4  662
30  5  748
30  6  715
30  7  767
30  8  866
30  9  893
30  10  899
30  11  896
30  12  886
30  13  906
30  14  866
30  15  953
30  16  930
30  17  843
30  18  872
30  19  907
30  20  917
30  21  851
30  22  788
30  23  804
30  24  733
30  25  701
30  26  631
30  27  626
30  28  607
30  29  600
31  0  562
31  1  596
31  2  569
31  3  613
31  4  695
31  5  728
31  6  824
31  7  860
31  8  878
31  9  891
31  10  879
31  11  893
31  12  936
31  13  881
31  14  891
31  15  887
31  16  895
31  17  892
31  18  985
31  19  845
31  20  824
31  21  853
31  22  801
31  23  752
31  24  700
31  25  621
31  26  663
31  27  625
31  28  552
31  29  560
32  0  526
32  1  533
32  2  622
32  3  696
32  4  697
32  5  748
32  6  787
32  7  820
32  8  879
32  9  841
32  10  864
32  11  849
32  12  845
32  13  911
32  14  900
32  15  876
32  16  870
32  17  878
32  18  881
32  19  908
32  20  851
32  21  879
32  22  816
32  23  732
32  24  733
32  25  717
32  26  622
32  27  664
32  28  608
32  29  601
33  0  555
33  1  603
33  2  627
33  3  653
33  4  670
33  5  743
33  6  770
33  7  787
33  8  831
33  9  807
33  10  846
33  11  870
33  12  913
33  13  920
33  14  914
33  15  872
33  16  930
33  17  937
33  18  948
33  19  851
33  20  852
33  21  829
33  22  822
33  23  798
33  24  772
33  25  700
33  26  664
33  27  605
33  28  525
33  29  516
34  0  530
34  1  556
34  2  607
34  3  658
34  4  685
34  5  756
34  6  795
34  7  773
34  8  794
34  9  887
34  10  866
34  11  863
34  12  879
34  13  877
34  14  895
34  15  946
34  16  876
34  17  886
34  18  927
34  19  900
34  20  836
34  21  889
34  22  817
34  23  759
34  24  711
34  25  673
34  26  689
34  27  614
34  28  613
34  29  540
35  0  572
35  1  598
35  2  650
35  3  654
35  4  717
35  5  719
35  6  806
35  7  851
35  8  850
35  9  830
35  10  830
35  11  906
35  12  905
35  13  906
35  14  887
35  15  925
35  16  891
35  17  936
35  18  893
35  19  875
35  20  863
35  21  783
35  22  779
35  23  791
35  24  740
35  25  716
35  26  677
35  27  624
35  28  582
35  29  544
36  0  565
36  1  567
36  2  617
36  3  623
36  4  713
36  5  728
36  6  789
36  7  845
36  8  851
36  9  876
36  10  836
36  11  866
36  12  863
36  13  936
36  14  890
36  15  913
36  16  897
36  17  960
36  18  949
36  19  894
36  20  896
36  21  850
36  22  802
36  23  768
36  24  751
36  25  736
36  26  614
36  27  625
36  28  628
36  29  529
37  0  540
37  1  583
37  2  648
37  3  607
37  4  695
37  5  745
37  6  793
37  7  858
37  8  892
37  9  912
37  10  907
37  11  928
37  12  923
37  13  943
37  14  898
37  15  923
37  16  877
37  17  931
37  18  848
37  19  898
37  20  897
37  21  816
37  22  805
37  23  813
37  24  760
37  25  735
37  26  610
37  27  659
37  28  613
37  29  576
38  0  556
38  1  619
38  2  631
38  3  661
38  4  686
38  5  786
38  6  804
38  7  816
38  8  835
38  9  813
38  10  815
38  11  882
38  12  900
38  13  963
38  14  869
38  15  950
38  16  910
38  17  883
38  18  849
38  19  873
38  20  822
38  21  860
38  22  811
38  23  753
38  24  707
38  25  676
38  26  637
38  27  627
38  28  618
38  29  562
39  0  593
39  1  596
39  2  662
39  3  635
39  4  680
39  5  745
39  6  794
39  7  906
39  8  879
39  9  883
39  10  892
39  11  829
39  12  865
39  13  931
39  14  910
39  15  893
39  16  896
39  17  913
39  18  879
39  19  845
39  20  860
39  21  873
39  22  865
39  23  765
39  24  717
39  25  709
39  26  647
39  27  604
39  28  625
39  29  554
40  0  619
40  1  581
40  2  629
40  3  662
40  4  691
40  5  747
40  6  807
40  7  858
40  8  826
40  9  829
40  10  914
40  11  833
40  12  916
40  13  875
40  14  888
40  15  978
40  16  837
40  17  890
40  18  901
40  19  902
40  20  822
40  21  847
40  22  825
40  23  777
40  24  744
40  25  699
40  26  664
40  27  601
40  28  582
40  29  532
41  0  611
41  1  588
41  2  582
41  3  648
41  4  647
41  5  745
41  6  795
41  7  820
41  8  843
41  9  867
41  10  857
41  11  883
41  12  885
41  13  897
41  14  908
41  15  924
41  16  936
41  17  955
41  18  858
41  19  880
41  20  853
41  21  860
41  22  783
41  23  778
41  24  702
41  25  674
41  26  649
41  27  672
41  28  578
41  29  574
42  0  539
42  1  598
42  2  620
42  3  631
42  4  690
42  5  727
42  6  761
42  7  816
42  8  881
42  9  874
42  10  886
42  11  942
42  12  898
42  13  919
42  14  908
42  15  911
42  16  859
42  17  924
42  18  904
42  19  846
42  20  849
42  21  815
42  22  792
42  23  759
42  24  720
42  25  693
42  26  654
42  27  598
42  28  614
42  29  551
43  0  547
43  1  612
43  2  628
43  3  630
43  4  704
43  5  773
43  6  795
43  7  815
43  8  869
43  9  861
43  10  860
43  11  854
43  12  897
43  13  912
43  14  971
43  15  901
43  16  886
43  17  926
43  18  878
43  19  846
43  20  790
43  21  886
43  22  822
43  23  766
43  24  726
43  25  664
43  26  661
43  27  639
43  28  572
43  29  517
44  0  541
44  1  587
44  2  588
44  3  654
44  4  698
44  5  771
44  6  805
44  7  796
44  8  882
44  9  869
44  10  836
44  11  929
44  12  858
44  13  873
44  14  892
44  15  874
44  16  940
44  17  864
44  18  854
44  19  873
44  20  869
44  21  836
44  22  841
44  23  809
44  24  753
44  25  690
44  26  678
44  27  638
44  28  599
44  29  531
45  0  546
45  1  598
45  2  641
45  3  678
45  4  714
45  5  773
45  6  769
45  7  799
45  8  897
45  9  884
45  10  896
45  11  900
45  12  917
45  13  908
45  14  934
45  15  917
45  16  902
45  17  916
45  18  865
45  19  837
45  20  881
45  21  832
45  22  810
45  23  749
45  24  773
45  25  728
45  26  597
45  27  624
45  28  574
45  29  539
46  0  511
46  1  619
46  2  636
46  3  664
46  4  699
46  5  750
46  6  757
46  7  874
46  8  836
46  9  881
46  10  881
46  11  951
46  12  924
46  13  866
46  14  900
46  15  950
46  16  910
46  17  875
46  18  880
46  19  823
46  20  864
46  21  876
46  22  799
46  23  772
46  24  776
46  25  713
46  26  653
46  27  617
46  28  563
46  29  567
47  0  514
47  1  565
47  2  647
47  3  682
47  4  648
47  5  717
47  6  793
47  7  788
47  8  866
47  9  888
47  10  904
47  11  852
47  12  909
47  13  899
47  14  918
47  15  900
47  16  902
47  17  895
47  18  826
47  19  892
47  20  872
47  21  866
47  22  795
47  23  743
47  24  732
47  25  710
47  26  603
47  27  646
47  28  601
47  29  529
48  0  563
48  1  585
48  2  598
48  3  654
48  4  662
48  5  744
48  6  820
48  7  824
48  8  917
48  9  843
48  10  880
48  11  899
48  12  890
48  13  933
48  14  942
48  15  921
48  16  884
48  17  868
48  18  873
48  19  880
48  20  880
48  21  836
48  22  840
48  23  764
48  24  755
48  25  698
48  26  589
48  27  663
48  28  595
48  29  563
49  0  556
49  1  528
49  2  625
49  3  682
49  4  733
49  5  746
49  6  795
49  7  839
49  8  833
49  9  799
49  10  882
49  11  912
49  12  842
49  13  864
49  14  926
49  15  935
49  16  875
49  17  908
49  18  845
49  19  889
49  20  913
49  21  840
49  22  881
49  23  817
49  24  743
49  25  687
49  26  642
49  27  584
49  28  587
49  29  500
50  0  535
50  1  608
50  2  578
50  3  633
50  4  634
50  5  761
50  6  801
50  7  869
50  8  816
50  9  845
50  10  865
50  11  881
50  12  855
50  13  880
50  14  877
50  15  870
50  16  908
50  17  907
50  18  919
50  19  862
50  20  876
50  21  837
50  22  787
50  23  757
50  24  739
50  25  683
50  26  643
50  27  644
50  28  565
50  29  568
51  0  534
51  1  572
51  2  596
51  3  661
51  4  694
51  5  775
51  6  794
51  7  817
51  8  858
51  9  836
51  10  835
51  11  853
51  12  856
51  13  874
51  14  877
51  15  967
51  16  890
51  17  889
51  18  855
51  19  908
51  20  868
51  21  831
51  22  834
51  23  794
51  24  698
51  25  683
51  26  688
51  27  587
51  28  607
51  29  519
52  0  525
52  1  562
52  2  616
52  3  659
52  4  692
52  5  779
52  6  795
52  7  810
52  8  865
52  9  921
52  10  856
52  11  845
52  12  883
52  13  854
52  14  903
52  15  910
52  16  862
52  17  908
52  18  900
52  19  819
52  20  865
52  21  867
52  22  790
52  23  761
52  24  724
52  25  646
52  26  682
52  27  594
52  28  614
52  29  553
53  0  554
53  1  600
53  2  648
53  3  647
53  4  656
53  5  744
53  6  759
53  7  839
53  8  818
53  9  835
53  10  862
53  11  874
53  12  883
53  13  966
53  14  930
53  15  862
53  16  884
53  17  911
53  18  903
53  19  827
53  20  871
53  21  860
53  22  800
53  23  813
53  24  689
53  25  682
53  26  607
53  27  604
53  28  553
53  29  566
54  0  533
54  1  600
54  2  633
54  3  647
54  4  697
54  5  721
54  6  733
54  7  816
54  8  818
54  9  863
54  10  899
54  11  819
54  12  858
54  13  908
54  14  863
54  15  898
54  16  890
54  17  922
54  18  898
54  19  822
54  20  831
54  21  841
54  22  816
54  23  774
54  24  736
54  25  668
54  26  617
54  27  632
54  28  545
54  29  541
55  0  517
55  1  595
55  2  563
55  3  637
55  4  720
55  5  718
55  6  757
55  7  847
55  8  853
55  9  886
55  10  876
55  11  912
55  12  905
55  13  896
55  14  906
55  15  848
55  16  893
55  17  878
55  18  908
55  19  867
55  20  869
55  21  856
55  22  814
55  23  799
55  24  696
55  25  673
55  26  663
55  27  609
55  28  569
55  29  565
56  0  552
56  1  591
56  2  607
56  3  659
56  4  706
56  5  692
56  6  790
56  7  776
56  8  813
56  9  847
56  10  870
56  11  855
56  12  909
56  13  866
56  14  897
56  15  906
56  16  858
56  17  895
56  18  855
56  19  854
56  20  868
56  21  787
56  22  794
56  23  782
56  24  716
56  25  678
56  26  670
56  27  599
56  28  592
56  29  495
57  0  542
57  1  547
57  2  628
57  3  672
57  4  646
57  5  735
57  6  800
57  7  795
57  8  862
57  9  862
57  10  902
57  11  845
57  12  811
57  13  843
57  14  909
57  15  885
57  16  879
57  17  904
57  18  854
57  19  881
57  20  790
57  21  865
57  22  813
57  23  756
57  24  706
57  25  679
57  26  617
57  27  622
57  28  557
57  29  552
58  0  498
58  1  590
58  2  606
58  3  684
58  4  616
58  5  697
58  6  728
58  7  798
58  8  851
58  9  836
58  10  858
58  11  882
58  12  870
58  13  825
58  14  892
58  15  856
58  16  875
58  17  848
58  18  920
58  19  850
58  20  824
58  21  804
58  22  849
58  23  757
58  24  743
58  25  660
58  26  625
58  27  615
58  28  567
58  29  520
59  0  497
59  1  563
59  2  628
59  3  689
59  4  647
59  5  776
59  6  793
59  7  750
59  8  765
59  9  877
59  10  873
59  11  873
59  12  864
59  13  879
59  14  909
59  15  887
59  16  869
59  17  849
59  18  899
59  19  851
59  20  880
59  21  858
59  22  765
59  23  786
59  24  729
59  25  733
59  26  631
59  27  605
59  28  561
59  29  524
60  0  531
60  1  507
60  2  597
60  3  597
60  4  710
60  5  691
60  6  762
60  7  765
60  8  803
60  9  813
60  10  848
60  11  854
60  12  868
60  13  897
60  14  882
60  15  852
60  16  873
60  17  881
60  18  826
60  19  815
60  20  867
60  21  815
60  22  826
60  23  794
60  24  730
60  25  661
60  26  603
60  27  599
60  28  527
60  29  515
61  0  514
61  1  547
61  2  564
61  3  675
61  4  631
61  5  757
61  6  831
61  7  813
61  8  764
61  9  829
61  10  802
61  11  913
61  12  878
61  13  855
61  14  883
61  15  884
61  16  900
61  17  875
61  18  855
61  19  799
61  20  808
61  21  801
61  22  816
61  23  772
61  24  697
61  25  694
61  26  608
61  27  623
61  28  563
61  29  523
62  0  578
62  1  571
62  2  624
62  3  667
62  4  712
62  5  703
62  6  751
62  7  800
62  8  782
62  9  871
62  10  805
62  11  891
62  12  899
62  13  867
62  14  874
62  15  834
62  16  824
62  17  880
62  18  870
62  19  821
62  20  821
62  21  830
62  22  862
62  23  715
62  24  701
62  25  689
62  26  609
62  27  605
62  28  513
62  29  534
63  0  525
63  1  561
63  2  590
63  3  581
63  4  640
63  5  702
63  6  747
63  7  756
63  8  813
63  9  842
63  10  796
63  11  855
63  12  891
63  13  865
63  14  902
63  15  852
63  16  910
63  17  875
63  18  845
63  19  845
63  20  802
63  21  820
63  22  757
63  23  753
63  24  736
63  25  651
63  26  604
63  27  577
63  28  560
63  29  502
64  0  496
64  1  544
64  2  551
64  3  637
64  4  641
64  5  717
64  6  717
64  7  739
64  8  779
64  9  805
64  10  852
64  11  839
64  12  826
64  13  860
64  14  867
64  15  880
64  16  789
64  17  837
64  18  855
64  19  821
64  20  842
64  21  774
64  22  751
64  23  707
64  24  760
64  25  594
64  26  593
64  27  588
64  28  564
64  29  549
65  0  498
65  1  511
65  2  577
65  3  645
65  4  642
65  5  700
65  6  737
65  7  782
65  8  791
65  9  818
65  10  777
65  11  847
65  12  845
65  13  823
65  14  863
65  15  848
65  16  851
65  17  841
65  18  802
65  19  858
65  20  771
65  21  788
65  22  757
65  23  724
65  24  703
65  25  657
65  26  605
65  27  580
65  28  532
65  29  497
66  0  510
66  1  532
66  2  580
66  3  575
66  4  604
66  5  652
66  6  722
66  7  777
66  8  768
66  9  804
66  10  800
66  11  764
66  12  803
66  13  842
66  14  871
66  15  876
66  16  848
66  17  836
66  18  748
66  19  800
66  20  784
66  21  805
66  22  708
66  23  703
66  24  686
66  25  697
66  26  572
66  27  571
66  28  546
66  29  556
67  0  491
67  1  540
67  2  555
67  3  627
67  4  660
67  5  717
67  6  709
67  7  750
67  8  777
67  9  803
67  10  816
67  11  791
67  12  808
67  13  849
67  14  796
67  15  831
67  16  884
67  17  855
67  18  806
67  19  804
67  20  821
67  21  724
67  22  763
67  23  718
67  24  681
67  25  625
67  26  619
67  27  530
67  28  511
67  29  524
68  0  480
68  1  561
68  2  543
68  3  573
68  4  620
68  5  627
68  6  703
68  7  758
68  8  744
68  9  772
68  10  754
68  11  815
68  12  815
68  13  805
68  14  841
68  15  845
68  16  868
68  17  830
68  18  861
68  19  766
68  20  780
68  21  734
68  22  695
68  23  661
68  24  714
68  25  656
68  26  583
68  27  556
68  28  529
68  29  471
69  0  457
69  1  497
69  2  511
69  3  596
69  4  607
69  5  666
69  6  660
69  7  745
69  8  707
69  9  760
69  10  789
69  11  760
69  12  752
69  13  842
69  14  778
69  15  752
69  16  751
69  17  757
69  18  800
69  19  765
69  20  756
69  21  747
69  22  677
69  23  667
69  24  639
69  25  606
69  26  585
69  27  548
69  28  490
69  29  489
70  0  503
70  1  468
70  2  520
70  3  563
70  4  614
70  5  655
70  6  701
70  7  700
70  8  707
70  9  724
70  10  752
70  11  763
70  12  816
70  13  768
70  14  717
70  15  812
70  16  807
70  17  737
70  18  729
70  19  759
70  20  746
70  21  776
70  22  742
70  23  702
70  24  640
70  25  612
70  26  613
70  27  519
70  28  487
70  29  495
71  0  453
71  1  475
71  2  492
71  3  525
71  4  569
71  5  617
71  6  636
71  7  681
71  8  688
71  9  664
71  10  736
71  11  793
71  12  755
71  13  790
71  14  728
71  15  792
71  16  726
71  17  774
71  18  736
71  19  723
71  20  758
71  21  675
71  22  659
71  23  653
71  24  653
71  25  612
71  26  552
71  27  510
71  28  530
71  29  462
72  0  422
72  1  468
72  2  504
72  3  527
72  4  559
72  5  567
72  6  647
72  7  634
72  8  660
72  9  690
72  10  693
72  11  744
72  12  734
72  13  774
72  14  768
72  15  810
72  16  736
72  17  739
72  18  705
72  19  740
72  20  693
72  21  669
72  22  646
72  23  621
72  24  596
72  25  572
72  26  508
72  27  503
72  28  448
72  29  477
73  0  424
73  1  457
73  2  450
73  3  483
73  4  522
73  5  550
73  6  575
73  7  616
73  8  725
73  9  663
73  10  659
73  11  703
73  12  676
73  13  735
73  14  703
73  15  692
73  16  703
73  17  709
73  18  660
73  19  655
73  20  706
73  21  612
73  22  592
73  23  593
73  24  554
73  25  531
73  26  483
73  27  456
73  28  439
73  29  421
74  0  366
74  1  403
74  2  426
74  3  470
74  4  464
74  5  495
74  6  599
74  7  596
74  8  611
74  9  594
74  10  630
74  11  696
74  12  714
74  13  664
74  14  648
74  15  637
74  16  630
74  17  679
74  18  665
74  19  586
74  20  603
74  21  571
74  22  601
74  23  562
74  24  545
74  25  493
74  26  447
74  27  451
74  28  430
74  29  393
75  0  381
75  1  399
75  2  409
75  3  403
75  4  490
75  5  501
75  6  524
75  7  562
75  8  563
75  9  584
75  10  628
75  11  594
75  12  567
75  13  612
75  14  618
75  15  645
75  16  596
75  17  626
75  18  614
75  19  577
75  20  621
75  21  577
75  22  511
75  23  506
75  24  452
75  25  474
75  26  457
75  27  426
75  28  378
75  29  374
76  0  348
76  1  373
76  2  364
76  3  383
76  4  416
76  5  439
76  6  500
76  7  496
76  8  496
76  9  568
76  10  564
76  11  527
76  12  563
76  13  548
76  14  576
76  15  597
76  16  585
76  17  559
76  18  573
76  19  540
76  20  515
76  21  536
76  22  467
76  23  522
76  24  467
76  25  434
76  26  402
76  27  397
76  28  335
76  29  351
77  0  322
77  1  354
77  2  379
77  3  363
77  4  411
77  5  433
77  6  449
77  7  492
77  8  489
77  9  507
77  10  534
77  11  575
77  12  556
77  13  541
77  14  531
77  15  534
77  16  565
77  17  528
77  18  528
77  19  558
77  20  485
77  21  501
77  22  466
77  23  443
77  24  429
77  25  384
77  26  376
77  27  341
77  28  352
77  29  299
78  0  313
78  1  309
78  2  304
78  3  344
78  4  383
78  5  384
78  6  445
78  7  454
78  8  496
78  9  494
78  10  493
78  11  457
78  12  508
78  13  490
78  14  502
78  15  511
78  16  551
78  17  480
78  18  479
78  19  508
78  20  459
78  21  487
78  22  506
78  23  456
78  24  447
78  25  357
78  26  363
78  27  362
78  28  334
78  29  324
79  0  288
79  1  294
79  2  319
79  3  327
79  4  370
79  5  362
79  6  426
79  7  402
79  8  448
79  9  475
79  10  454
79  11  438
79  12  470
79  13  483
79  14  460
79  15  484
79  16  503
79  17  471
79  18  450
79  19  449
79  20  470
79  21  410
79  22  451
79  23  443
79  24  383
79  25  391
79  26  320
79  27  346
79  28  300
79  29  276
